path,label
Alejandro_Toledo/Alejandro_Toledo_0001.jpg,Alejandro_Toledo
Alejandro_Toledo/Alejandro_Toledo_0002.jpg,Alejandro_Toledo
Alejandro_Toledo/Alejandro_Toledo_0003.jpg,Alejandro_Toledo
Alejandro_Toledo/Alejandro_Toledo_0004.jpg,Alejandro_Toledo
Alejandro_Toledo/Alejandro_Toledo_0005.jpg,Alejandro_Toledo
Alejandro_Toledo/Alejandro_Toledo_0006.jpg,Alejandro_Toledo
Alejandro_Toledo/Alejandro_Toledo_0007.jpg,Alejandro_Toledo
Alejandro_Toledo/Alejandro_Toledo_0008.jpg,Alejandro_Toledo
Alejandro_Toledo/Alejandro_Toledo_0009.jpg,Alejandro_Toledo
Alejandro_Toledo/Alejandro_Toledo_0010.jpg,Alejandro_Toledo
Alejandro_Toledo/Alejandro_Toledo_0011.jpg,Alejandro_Toledo
Alejandro_Toledo/Alejandro_Toledo_0012.jpg,Alejandro_Toledo
Alejandro_Toledo/Alejandro_Toledo_0013.jpg,Alejandro_Toledo
Alejandro_Toledo/Alejandro_Toledo_0014.jpg,Alejandro_Toledo
Alejandro_Toledo/Alejandro_Toledo_0015.jpg,Alejandro_Toledo
Alejandro_Toledo/Alejandro_Toledo_0016.jpg,Alejandro_Toledo
Alejandro_Toledo/Alejandro_Toledo_0017.jpg,Alejandro_Toledo
Alejandro_Toledo/Alejandro_Toledo_0018.jpg,Alejandro_Toledo
Alejandro_Toledo/Alejandro_Toledo_0019.jpg,Alejandro_Toledo
Alejandro_Toledo/Alejandro_Toledo_0020.jpg,Alejandro_Toledo
Alejandro_Toledo/Alejandro_Toledo_0021.jpg,Alejandro_Toledo
Alejandro_Toledo/Alejandro_Toledo_0022.jpg,Alejandro_Toledo
Alejandro_Toledo/Alejandro_Toledo_0023.jpg,Alejandro_Toledo
Alejandro_Toledo/Alejandro_Toledo_0024.jpg,Alejandro_Toledo
Alejandro_Toledo/Alejandro_Toledo_0025.jpg,Alejandro_Toledo
Alejandro_Toledo/Alejandro_Toledo_0026.jpg,Alejandro_Toledo
Alejandro_Toledo/Alejandro_Toledo_0027.jpg,Alejandro_Toledo
Alejandro_Toledo/Alejandro_Toledo_0028.jpg,Alejandro_Toledo
Alejandro_Toledo/Alejandro_Toledo_0029.jpg,Alejandro_Toledo
Alejandro_Toledo/Alejandro_Toledo_0030.jpg,Alejandro_Toledo
Alejandro_Toledo/Alejandro_Toledo_0031.jpg,Alejandro_Toledo
Alejandro_Toledo/Alejandro_Toledo_0032.jpg,Alejandro_Toledo
Alejandro_Toledo/Alejandro_Toledo_0033.jpg,Alejandro_Toledo
Alejandro_Toledo/Alejandro_Toledo_0034.jpg,Alejandro_Toledo
Alejandro_Toledo/Alejandro_Toledo_0035.jpg,Alejandro_Toledo
Alejandro_Toledo/Alejandro_Toledo_0036.jpg,Alejandro_Toledo
Alejandro_Toledo/Alejandro_Toledo_0037.jpg,Alejandro_Toledo
Alejandro_Toledo/Alejandro_Toledo_0038.jpg,Alejandro_Toledo
Alejandro_Toledo/Alejandro_Toledo_0039.jpg,Alejandro_Toledo
Alvaro_Uribe/Alvaro_Uribe_0001.jpg,Alvaro_Uribe
Alvaro_Uribe/Alvaro_Uribe_0002.jpg,Alvaro_Uribe
Alvaro_Uribe/Alvaro_Uribe_0003.jpg,Alvaro_Uribe
Alvaro_Uribe/Alvaro_Uribe_0004.jpg,Alvaro_Uribe
Alvaro_Uribe/Alvaro_Uribe_0005.jpg,Alvaro_Uribe
Alvaro_Uribe/Alvaro_Uribe_0006.jpg,Alvaro_Uribe
Alvaro_Uribe/Alvaro_Uribe_0007.jpg,Alvaro_Uribe
Alvaro_Uribe/Alvaro_Uribe_0008.jpg,Alvaro_Uribe
Alvaro_Uribe/Alvaro_Uribe_0009.jpg,Alvaro_Uribe
Alvaro_Uribe/Alvaro_Uribe_0010.jpg,Alvaro_Uribe
Alvaro_Uribe/Alvaro_Uribe_0011.jpg,Alvaro_Uribe
Alvaro_Uribe/Alvaro_Uribe_0012.jpg,Alvaro_Uribe
Alvaro_Uribe/Alvaro_Uribe_0013.jpg,Alvaro_Uribe
Alvaro_Uribe/Alvaro_Uribe_0014.jpg,Alvaro_Uribe
Alvaro_Uribe/Alvaro_Uribe_0015.jpg,Alvaro_Uribe
Alvaro_Uribe/Alvaro_Uribe_0016.jpg,Alvaro_Uribe
Alvaro_Uribe/Alvaro_Uribe_0017.jpg,Alvaro_Uribe
Alvaro_Uribe/Alvaro_Uribe_0018.jpg,Alvaro_Uribe
Alvaro_Uribe/Alvaro_Uribe_0019.jpg,Alvaro_Uribe
Alvaro_Uribe/Alvaro_Uribe_0020.jpg,Alvaro_Uribe
Alvaro_Uribe/Alvaro_Uribe_0021.jpg,Alvaro_Uribe
Alvaro_Uribe/Alvaro_Uribe_0022.jpg,Alvaro_Uribe
Alvaro_Uribe/Alvaro_Uribe_0023.jpg,Alvaro_Uribe
Alvaro_Uribe/Alvaro_Uribe_0024.jpg,Alvaro_Uribe
Alvaro_Uribe/Alvaro_Uribe_0025.jpg,Alvaro_Uribe
Alvaro_Uribe/Alvaro_Uribe_0026.jpg,Alvaro_Uribe
Alvaro_Uribe/Alvaro_Uribe_0027.jpg,Alvaro_Uribe
Alvaro_Uribe/Alvaro_Uribe_0028.jpg,Alvaro_Uribe
Alvaro_Uribe/Alvaro_Uribe_0029.jpg,Alvaro_Uribe
Alvaro_Uribe/Alvaro_Uribe_0030.jpg,Alvaro_Uribe
Alvaro_Uribe/Alvaro_Uribe_0031.jpg,Alvaro_Uribe
Alvaro_Uribe/Alvaro_Uribe_0032.jpg,Alvaro_Uribe
Alvaro_Uribe/Alvaro_Uribe_0033.jpg,Alvaro_Uribe
Alvaro_Uribe/Alvaro_Uribe_0034.jpg,Alvaro_Uribe
Alvaro_Uribe/Alvaro_Uribe_0035.jpg,Alvaro_Uribe
Amelie_Mauresmo/Amelie_Mauresmo_0001.jpg,Amelie_Mauresmo
Amelie_Mauresmo/Amelie_Mauresmo_0002.jpg,Amelie_Mauresmo
Amelie_Mauresmo/Amelie_Mauresmo_0003.jpg,Amelie_Mauresmo
Amelie_Mauresmo/Amelie_Mauresmo_0004.jpg,Amelie_Mauresmo
Amelie_Mauresmo/Amelie_Mauresmo_0005.jpg,Amelie_Mauresmo
Amelie_Mauresmo/Amelie_Mauresmo_0006.jpg,Amelie_Mauresmo
Amelie_Mauresmo/Amelie_Mauresmo_0007.jpg,Amelie_Mauresmo
Amelie_Mauresmo/Amelie_Mauresmo_0008.jpg,Amelie_Mauresmo
Amelie_Mauresmo/Amelie_Mauresmo_0009.jpg,Amelie_Mauresmo
Amelie_Mauresmo/Amelie_Mauresmo_0010.jpg,Amelie_Mauresmo
Amelie_Mauresmo/Amelie_Mauresmo_0011.jpg,Amelie_Mauresmo
Amelie_Mauresmo/Amelie_Mauresmo_0012.jpg,Amelie_Mauresmo
Amelie_Mauresmo/Amelie_Mauresmo_0013.jpg,Amelie_Mauresmo
Amelie_Mauresmo/Amelie_Mauresmo_0014.jpg,Amelie_Mauresmo
Amelie_Mauresmo/Amelie_Mauresmo_0015.jpg,Amelie_Mauresmo
Amelie_Mauresmo/Amelie_Mauresmo_0016.jpg,Amelie_Mauresmo
Amelie_Mauresmo/Amelie_Mauresmo_0017.jpg,Amelie_Mauresmo
Amelie_Mauresmo/Amelie_Mauresmo_0018.jpg,Amelie_Mauresmo
Amelie_Mauresmo/Amelie_Mauresmo_0019.jpg,Amelie_Mauresmo
Amelie_Mauresmo/Amelie_Mauresmo_0020.jpg,Amelie_Mauresmo
Amelie_Mauresmo/Amelie_Mauresmo_0021.jpg,Amelie_Mauresmo
Andre_Agassi/Andre_Agassi_0001.jpg,Andre_Agassi
Andre_Agassi/Andre_Agassi_0002.jpg,Andre_Agassi
Andre_Agassi/Andre_Agassi_0003.jpg,Andre_Agassi
Andre_Agassi/Andre_Agassi_0004.jpg,Andre_Agassi
Andre_Agassi/Andre_Agassi_0005.jpg,Andre_Agassi
Andre_Agassi/Andre_Agassi_0006.jpg,Andre_Agassi
Andre_Agassi/Andre_Agassi_0007.jpg,Andre_Agassi
Andre_Agassi/Andre_Agassi_0008.jpg,Andre_Agassi
Andre_Agassi/Andre_Agassi_0009.jpg,Andre_Agassi
Andre_Agassi/Andre_Agassi_0010.jpg,Andre_Agassi
Andre_Agassi/Andre_Agassi_0011.jpg,Andre_Agassi
Andre_Agassi/Andre_Agassi_0012.jpg,Andre_Agassi
Andre_Agassi/Andre_Agassi_0013.jpg,Andre_Agassi
Andre_Agassi/Andre_Agassi_0014.jpg,Andre_Agassi
Andre_Agassi/Andre_Agassi_0015.jpg,Andre_Agassi
Andre_Agassi/Andre_Agassi_0016.jpg,Andre_Agassi
Andre_Agassi/Andre_Agassi_0017.jpg,Andre_Agassi
Andre_Agassi/Andre_Agassi_0018.jpg,Andre_Agassi
Andre_Agassi/Andre_Agassi_0019.jpg,Andre_Agassi
Andre_Agassi/Andre_Agassi_0020.jpg,Andre_Agassi
Andre_Agassi/Andre_Agassi_0021.jpg,Andre_Agassi
Andre_Agassi/Andre_Agassi_0022.jpg,Andre_Agassi
Andre_Agassi/Andre_Agassi_0023.jpg,Andre_Agassi
Andre_Agassi/Andre_Agassi_0024.jpg,Andre_Agassi
Andre_Agassi/Andre_Agassi_0025.jpg,Andre_Agassi
Andre_Agassi/Andre_Agassi_0026.jpg,Andre_Agassi
Andre_Agassi/Andre_Agassi_0027.jpg,Andre_Agassi
Andre_Agassi/Andre_Agassi_0028.jpg,Andre_Agassi
Andre_Agassi/Andre_Agassi_0029.jpg,Andre_Agassi
Andre_Agassi/Andre_Agassi_0030.jpg,Andre_Agassi
Andre_Agassi/Andre_Agassi_0031.jpg,Andre_Agassi
Andre_Agassi/Andre_Agassi_0032.jpg,Andre_Agassi
Andre_Agassi/Andre_Agassi_0033.jpg,Andre_Agassi
Andre_Agassi/Andre_Agassi_0034.jpg,Andre_Agassi
Andre_Agassi/Andre_Agassi_0035.jpg,Andre_Agassi
Andre_Agassi/Andre_Agassi_0036.jpg,Andre_Agassi
Angelina_Jolie/Angelina_Jolie_0001.jpg,Angelina_Jolie
Angelina_Jolie/Angelina_Jolie_0002.jpg,Angelina_Jolie
Angelina_Jolie/Angelina_Jolie_0003.jpg,Angelina_Jolie
Angelina_Jolie/Angelina_Jolie_0004.jpg,Angelina_Jolie
Angelina_Jolie/Angelina_Jolie_0005.jpg,Angelina_Jolie
Angelina_Jolie/Angelina_Jolie_0006.jpg,Angelina_Jolie
Angelina_Jolie/Angelina_Jolie_0007.jpg,Angelina_Jolie
Angelina_Jolie/Angelina_Jolie_0008.jpg,Angelina_Jolie
Angelina_Jolie/Angelina_Jolie_0009.jpg,Angelina_Jolie
Angelina_Jolie/Angelina_Jolie_0010.jpg,Angelina_Jolie
Angelina_Jolie/Angelina_Jolie_0011.jpg,Angelina_Jolie
Angelina_Jolie/Angelina_Jolie_0012.jpg,Angelina_Jolie
Angelina_Jolie/Angelina_Jolie_0013.jpg,Angelina_Jolie
Angelina_Jolie/Angelina_Jolie_0014.jpg,Angelina_Jolie
Angelina_Jolie/Angelina_Jolie_0015.jpg,Angelina_Jolie
Angelina_Jolie/Angelina_Jolie_0016.jpg,Angelina_Jolie
Angelina_Jolie/Angelina_Jolie_0017.jpg,Angelina_Jolie
Angelina_Jolie/Angelina_Jolie_0018.jpg,Angelina_Jolie
Angelina_Jolie/Angelina_Jolie_0019.jpg,Angelina_Jolie
Angelina_Jolie/Angelina_Jolie_0020.jpg,Angelina_Jolie
Ariel_Sharon/Ariel_Sharon_0001.jpg,Ariel_Sharon
Ariel_Sharon/Ariel_Sharon_0002.jpg,Ariel_Sharon
Ariel_Sharon/Ariel_Sharon_0003.jpg,Ariel_Sharon
Ariel_Sharon/Ariel_Sharon_0004.jpg,Ariel_Sharon
Ariel_Sharon/Ariel_Sharon_0005.jpg,Ariel_Sharon
Ariel_Sharon/Ariel_Sharon_0006.jpg,Ariel_Sharon
Ariel_Sharon/Ariel_Sharon_0007.jpg,Ariel_Sharon
Ariel_Sharon/Ariel_Sharon_0008.jpg,Ariel_Sharon
Ariel_Sharon/Ariel_Sharon_0009.jpg,Ariel_Sharon
Ariel_Sharon/Ariel_Sharon_0010.jpg,Ariel_Sharon
Ariel_Sharon/Ariel_Sharon_0011.jpg,Ariel_Sharon
Ariel_Sharon/Ariel_Sharon_0012.jpg,Ariel_Sharon
Ariel_Sharon/Ariel_Sharon_0013.jpg,Ariel_Sharon
Ariel_Sharon/Ariel_Sharon_0014.jpg,Ariel_Sharon
Ariel_Sharon/Ariel_Sharon_0015.jpg,Ariel_Sharon
Ariel_Sharon/Ariel_Sharon_0016.jpg,Ariel_Sharon
Ariel_Sharon/Ariel_Sharon_0017.jpg,Ariel_Sharon
Ariel_Sharon/Ariel_Sharon_0018.jpg,Ariel_Sharon
Ariel_Sharon/Ariel_Sharon_0019.jpg,Ariel_Sharon
Ariel_Sharon/Ariel_Sharon_0020.jpg,Ariel_Sharon
Ariel_Sharon/Ariel_Sharon_0021.jpg,Ariel_Sharon
Ariel_Sharon/Ariel_Sharon_0022.jpg,Ariel_Sharon
Ariel_Sharon/Ariel_Sharon_0023.jpg,Ariel_Sharon
Ariel_Sharon/Ariel_Sharon_0024.jpg,Ariel_Sharon
Ariel_Sharon/Ariel_Sharon_0025.jpg,Ariel_Sharon
Ariel_Sharon/Ariel_Sharon_0026.jpg,Ariel_Sharon
Ariel_Sharon/Ariel_Sharon_0027.jpg,Ariel_Sharon
Ariel_Sharon/Ariel_Sharon_0028.jpg,Ariel_Sharon
Ariel_Sharon/Ariel_Sharon_0029.jpg,Ariel_Sharon
Ariel_Sharon/Ariel_Sharon_0030.jpg,Ariel_Sharon
Ariel_Sharon/Ariel_Sharon_0031.jpg,Ariel_Sharon
Ariel_Sharon/Ariel_Sharon_0032.jpg,Ariel_Sharon
Ariel_Sharon/Ariel_Sharon_0033.jpg,Ariel_Sharon
Ariel_Sharon/Ariel_Sharon_0034.jpg,Ariel_Sharon
Ariel_Sharon/Ariel_Sharon_0035.jpg,Ariel_Sharon
Ariel_Sharon/Ariel_Sharon_0036.jpg,Ariel_Sharon
Ariel_Sharon/Ariel_Sharon_0037.jpg,Ariel_Sharon
Ariel_Sharon/Ariel_Sharon_0038.jpg,Ariel_Sharon
Ariel_Sharon/Ariel_Sharon_0039.jpg,Ariel_Sharon
Ariel_Sharon/Ariel_Sharon_0040.jpg,Ariel_Sharon
Ariel_Sharon/Ariel_Sharon_0041.jpg,Ariel_Sharon
Ariel_Sharon/Ariel_Sharon_0042.jpg,Ariel_Sharon
Ariel_Sharon/Ariel_Sharon_0043.jpg,Ariel_Sharon
Ariel_Sharon/Ariel_Sharon_0044.jpg,Ariel_Sharon
Ariel_Sharon/Ariel_Sharon_0045.jpg,Ariel_Sharon
Ariel_Sharon/Ariel_Sharon_0046.jpg,Ariel_Sharon
Ariel_Sharon/Ariel_Sharon_0047.jpg,Ariel_Sharon
Ariel_Sharon/Ariel_Sharon_0048.jpg,Ariel_Sharon
Ariel_Sharon/Ariel_Sharon_0049.jpg,Ariel_Sharon
Ariel_Sharon/Ariel_Sharon_0050.jpg,Ariel_Sharon
Ariel_Sharon/Ariel_Sharon_0051.jpg,Ariel_Sharon
Ariel_Sharon/Ariel_Sharon_0052.jpg,Ariel_Sharon
Ariel_Sharon/Ariel_Sharon_0053.jpg,Ariel_Sharon
Ariel_Sharon/Ariel_Sharon_0054.jpg,Ariel_Sharon
Ariel_Sharon/Ariel_Sharon_0055.jpg,Ariel_Sharon
Ariel_Sharon/Ariel_Sharon_0056.jpg,Ariel_Sharon
Ariel_Sharon/Ariel_Sharon_0057.jpg,Ariel_Sharon
Ariel_Sharon/Ariel_Sharon_0058.jpg,Ariel_Sharon
Ariel_Sharon/Ariel_Sharon_0059.jpg,Ariel_Sharon
Ariel_Sharon/Ariel_Sharon_0060.jpg,Ariel_Sharon
Ariel_Sharon/Ariel_Sharon_0061.jpg,Ariel_Sharon
Ariel_Sharon/Ariel_Sharon_0062.jpg,Ariel_Sharon
Ariel_Sharon/Ariel_Sharon_0063.jpg,Ariel_Sharon
Ariel_Sharon/Ariel_Sharon_0064.jpg,Ariel_Sharon
Ariel_Sharon/Ariel_Sharon_0065.jpg,Ariel_Sharon
Ariel_Sharon/Ariel_Sharon_0066.jpg,Ariel_Sharon
Ariel_Sharon/Ariel_Sharon_0067.jpg,Ariel_Sharon
Ariel_Sharon/Ariel_Sharon_0068.jpg,Ariel_Sharon
Ariel_Sharon/Ariel_Sharon_0069.jpg,Ariel_Sharon
Ariel_Sharon/Ariel_Sharon_0070.jpg,Ariel_Sharon
Ariel_Sharon/Ariel_Sharon_0071.jpg,Ariel_Sharon
Ariel_Sharon/Ariel_Sharon_0072.jpg,Ariel_Sharon
Ariel_Sharon/Ariel_Sharon_0073.jpg,Ariel_Sharon
Ariel_Sharon/Ariel_Sharon_0074.jpg,Ariel_Sharon
Ariel_Sharon/Ariel_Sharon_0075.jpg,Ariel_Sharon
Ariel_Sharon/Ariel_Sharon_0076.jpg,Ariel_Sharon
Ariel_Sharon/Ariel_Sharon_0077.jpg,Ariel_Sharon
Arnold_Schwarzenegger/Arnold_Schwarzenegger_0001.jpg,Arnold_Schwarzenegger
Arnold_Schwarzenegger/Arnold_Schwarzenegger_0002.jpg,Arnold_Schwarzenegger
Arnold_Schwarzenegger/Arnold_Schwarzenegger_0003.jpg,Arnold_Schwarzenegger
Arnold_Schwarzenegger/Arnold_Schwarzenegger_0004.jpg,Arnold_Schwarzenegger
Arnold_Schwarzenegger/Arnold_Schwarzenegger_0005.jpg,Arnold_Schwarzenegger
Arnold_Schwarzenegger/Arnold_Schwarzenegger_0006.jpg,Arnold_Schwarzenegger
Arnold_Schwarzenegger/Arnold_Schwarzenegger_0007.jpg,Arnold_Schwarzenegger
Arnold_Schwarzenegger/Arnold_Schwarzenegger_0008.jpg,Arnold_Schwarzenegger
Arnold_Schwarzenegger/Arnold_Schwarzenegger_0009.jpg,Arnold_Schwarzenegger
Arnold_Schwarzenegger/Arnold_Schwarzenegger_0010.jpg,Arnold_Schwarzenegger
Arnold_Schwarzenegger/Arnold_Schwarzenegger_0011.jpg,Arnold_Schwarzenegger
Arnold_Schwarzenegger/Arnold_Schwarzenegger_0012.jpg,Arnold_Schwarzenegger
Arnold_Schwarzenegger/Arnold_Schwarzenegger_0013.jpg,Arnold_Schwarzenegger
Arnold_Schwarzenegger/Arnold_Schwarzenegger_0014.jpg,Arnold_Schwarzenegger
Arnold_Schwarzenegger/Arnold_Schwarzenegger_0015.jpg,Arnold_Schwarzenegger
Arnold_Schwarzenegger/Arnold_Schwarzenegger_0016.jpg,Arnold_Schwarzenegger
Arnold_Schwarzenegger/Arnold_Schwarzenegger_0017.jpg,Arnold_Schwarzenegger
Arnold_Schwarzenegger/Arnold_Schwarzenegger_0018.jpg,Arnold_Schwarzenegger
Arnold_Schwarzenegger/Arnold_Schwarzenegger_0019.jpg,Arnold_Schwarzenegger
Arnold_Schwarzenegger/Arnold_Schwarzenegger_0020.jpg,Arnold_Schwarzenegger
Arnold_Schwarzenegger/Arnold_Schwarzenegger_0021.jpg,Arnold_Schwarzenegger
Arnold_Schwarzenegger/Arnold_Schwarzenegger_0022.jpg,Arnold_Schwarzenegger
Arnold_Schwarzenegger/Arnold_Schwarzenegger_0023.jpg,Arnold_Schwarzenegger
Arnold_Schwarzenegger/Arnold_Schwarzenegger_0024.jpg,Arnold_Schwarzenegger
Arnold_Schwarzenegger/Arnold_Schwarzenegger_0025.jpg,Arnold_Schwarzenegger
Arnold_Schwarzenegger/Arnold_Schwarzenegger_0026.jpg,Arnold_Schwarzenegger
Arnold_Schwarzenegger/Arnold_Schwarzenegger_0027.jpg,Arnold_Schwarzenegger
Arnold_Schwarzenegger/Arnold_Schwarzenegger_0028.jpg,Arnold_Schwarzenegger
Arnold_Schwarzenegger/Arnold_Schwarzenegger_0029.jpg,Arnold_Schwarzenegger
Arnold_Schwarzenegger/Arnold_Schwarzenegger_0030.jpg,Arnold_Schwarzenegger
Arnold_Schwarzenegger/Arnold_Schwarzenegger_0031.jpg,Arnold_Schwarzenegger
Arnold_Schwarzenegger/Arnold_Schwarzenegger_0032.jpg,Arnold_Schwarzenegger
Arnold_Schwarzenegger/Arnold_Schwarzenegger_0033.jpg,Arnold_Schwarzenegger
Arnold_Schwarzenegger/Arnold_Schwarzenegger_0034.jpg,Arnold_Schwarzenegger
Arnold_Schwarzenegger/Arnold_Schwarzenegger_0035.jpg,Arnold_Schwarzenegger
Arnold_Schwarzenegger/Arnold_Schwarzenegger_0036.jpg,Arnold_Schwarzenegger
Arnold_Schwarzenegger/Arnold_Schwarzenegger_0037.jpg,Arnold_Schwarzenegger
Arnold_Schwarzenegger/Arnold_Schwarzenegger_0038.jpg,Arnold_Schwarzenegger
Arnold_Schwarzenegger/Arnold_Schwarzenegger_0039.jpg,Arnold_Schwarzenegger
Arnold_Schwarzenegger/Arnold_Schwarzenegger_0040.jpg,Arnold_Schwarzenegger
Arnold_Schwarzenegger/Arnold_Schwarzenegger_0041.jpg,Arnold_Schwarzenegger
Arnold_Schwarzenegger/Arnold_Schwarzenegger_0042.jpg,Arnold_Schwarzenegger
Atal_Bihari_Vajpayee/Atal_Bihari_Vajpayee_0001.jpg,Atal_Bihari_Vajpayee
Atal_Bihari_Vajpayee/Atal_Bihari_Vajpayee_0002.jpg,Atal_Bihari_Vajpayee
Atal_Bihari_Vajpayee/Atal_Bihari_Vajpayee_0003.jpg,Atal_Bihari_Vajpayee
Atal_Bihari_Vajpayee/Atal_Bihari_Vajpayee_0004.jpg,Atal_Bihari_Vajpayee
Atal_Bihari_Vajpayee/Atal_Bihari_Vajpayee_0005.jpg,Atal_Bihari_Vajpayee
Atal_Bihari_Vajpayee/Atal_Bihari_Vajpayee_0006.jpg,Atal_Bihari_Vajpayee
Atal_Bihari_Vajpayee/Atal_Bihari_Vajpayee_0007.jpg,Atal_Bihari_Vajpayee
Atal_Bihari_Vajpayee/Atal_Bihari_Vajpayee_0008.jpg,Atal_Bihari_Vajpayee
Atal_Bihari_Vajpayee/Atal_Bihari_Vajpayee_0009.jpg,Atal_Bihari_Vajpayee
Atal_Bihari_Vajpayee/Atal_Bihari_Vajpayee_0010.jpg,Atal_Bihari_Vajpayee
Atal_Bihari_Vajpayee/Atal_Bihari_Vajpayee_0011.jpg,Atal_Bihari_Vajpayee
Atal_Bihari_Vajpayee/Atal_Bihari_Vajpayee_0012.jpg,Atal_Bihari_Vajpayee
Atal_Bihari_Vajpayee/Atal_Bihari_Vajpayee_0013.jpg,Atal_Bihari_Vajpayee
Atal_Bihari_Vajpayee/Atal_Bihari_Vajpayee_0014.jpg,Atal_Bihari_Vajpayee
Atal_Bihari_Vajpayee/Atal_Bihari_Vajpayee_0015.jpg,Atal_Bihari_Vajpayee
Atal_Bihari_Vajpayee/Atal_Bihari_Vajpayee_0016.jpg,Atal_Bihari_Vajpayee
Atal_Bihari_Vajpayee/Atal_Bihari_Vajpayee_0017.jpg,Atal_Bihari_Vajpayee
Atal_Bihari_Vajpayee/Atal_Bihari_Vajpayee_0018.jpg,Atal_Bihari_Vajpayee
Atal_Bihari_Vajpayee/Atal_Bihari_Vajpayee_0019.jpg,Atal_Bihari_Vajpayee
Atal_Bihari_Vajpayee/Atal_Bihari_Vajpayee_0020.jpg,Atal_Bihari_Vajpayee
Atal_Bihari_Vajpayee/Atal_Bihari_Vajpayee_0021.jpg,Atal_Bihari_Vajpayee
Atal_Bihari_Vajpayee/Atal_Bihari_Vajpayee_0022.jpg,Atal_Bihari_Vajpayee
Atal_Bihari_Vajpayee/Atal_Bihari_Vajpayee_0023.jpg,Atal_Bihari_Vajpayee
Atal_Bihari_Vajpayee/Atal_Bihari_Vajpayee_0024.jpg,Atal_Bihari_Vajpayee
Bill_Clinton/Bill_Clinton_0001.jpg,Bill_Clinton
Bill_Clinton/Bill_Clinton_0002.jpg,Bill_Clinton
Bill_Clinton/Bill_Clinton_0003.jpg,Bill_Clinton
Bill_Clinton/Bill_Clinton_0004.jpg,Bill_Clinton
Bill_Clinton/Bill_Clinton_0005.jpg,Bill_Clinton
Bill_Clinton/Bill_Clinton_0006.jpg,Bill_Clinton
Bill_Clinton/Bill_Clinton_0007.jpg,Bill_Clinton
Bill_Clinton/Bill_Clinton_0008.jpg,Bill_Clinton
Bill_Clinton/Bill_Clinton_0009.jpg,Bill_Clinton
Bill_Clinton/Bill_Clinton_0010.jpg,Bill_Clinton
Bill_Clinton/Bill_Clinton_0011.jpg,Bill_Clinton
Bill_Clinton/Bill_Clinton_0012.jpg,Bill_Clinton
Bill_Clinton/Bill_Clinton_0013.jpg,Bill_Clinton
Bill_Clinton/Bill_Clinton_0014.jpg,Bill_Clinton
Bill_Clinton/Bill_Clinton_0015.jpg,Bill_Clinton
Bill_Clinton/Bill_Clinton_0016.jpg,Bill_Clinton
Bill_Clinton/Bill_Clinton_0017.jpg,Bill_Clinton
Bill_Clinton/Bill_Clinton_0018.jpg,Bill_Clinton
Bill_Clinton/Bill_Clinton_0019.jpg,Bill_Clinton
Bill_Clinton/Bill_Clinton_0020.jpg,Bill_Clinton
Bill_Clinton/Bill_Clinton_0021.jpg,Bill_Clinton
Bill_Clinton/Bill_Clinton_0022.jpg,Bill_Clinton
Bill_Clinton/Bill_Clinton_0023.jpg,Bill_Clinton
Bill_Clinton/Bill_Clinton_0024.jpg,Bill_Clinton
Bill_Clinton/Bill_Clinton_0025.jpg,Bill_Clinton
Bill_Clinton/Bill_Clinton_0026.jpg,Bill_Clinton
Bill_Clinton/Bill_Clinton_0027.jpg,Bill_Clinton
Bill_Clinton/Bill_Clinton_0028.jpg,Bill_Clinton
Bill_Clinton/Bill_Clinton_0029.jpg,Bill_Clinton
Carlos_Menem/Carlos_Menem_0001.jpg,Carlos_Menem
Carlos_Menem/Carlos_Menem_0002.jpg,Carlos_Menem
Carlos_Menem/Carlos_Menem_0003.jpg,Carlos_Menem
Carlos_Menem/Carlos_Menem_0004.jpg,Carlos_Menem
Carlos_Menem/Carlos_Menem_0005.jpg,Carlos_Menem
Carlos_Menem/Carlos_Menem_0006.jpg,Carlos_Menem
Carlos_Menem/Carlos_Menem_0007.jpg,Carlos_Menem
Carlos_Menem/Carlos_Menem_0008.jpg,Carlos_Menem
Carlos_Menem/Carlos_Menem_0009.jpg,Carlos_Menem
Carlos_Menem/Carlos_Menem_0010.jpg,Carlos_Menem
Carlos_Menem/Carlos_Menem_0011.jpg,Carlos_Menem
Carlos_Menem/Carlos_Menem_0012.jpg,Carlos_Menem
Carlos_Menem/Carlos_Menem_0013.jpg,Carlos_Menem
Carlos_Menem/Carlos_Menem_0014.jpg,Carlos_Menem
Carlos_Menem/Carlos_Menem_0015.jpg,Carlos_Menem
Carlos_Menem/Carlos_Menem_0016.jpg,Carlos_Menem
Carlos_Menem/Carlos_Menem_0017.jpg,Carlos_Menem
Carlos_Menem/Carlos_Menem_0018.jpg,Carlos_Menem
Carlos_Menem/Carlos_Menem_0019.jpg,Carlos_Menem
Carlos_Menem/Carlos_Menem_0020.jpg,Carlos_Menem
Carlos_Menem/Carlos_Menem_0021.jpg,Carlos_Menem
Colin_Powell/Colin_Powell_0001.jpg,Colin_Powell
Colin_Powell/Colin_Powell_0002.jpg,Colin_Powell
Colin_Powell/Colin_Powell_0003.jpg,Colin_Powell
Colin_Powell/Colin_Powell_0004.jpg,Colin_Powell
Colin_Powell/Colin_Powell_0005.jpg,Colin_Powell
Colin_Powell/Colin_Powell_0006.jpg,Colin_Powell
Colin_Powell/Colin_Powell_0007.jpg,Colin_Powell
Colin_Powell/Colin_Powell_0008.jpg,Colin_Powell
Colin_Powell/Colin_Powell_0009.jpg,Colin_Powell
Colin_Powell/Colin_Powell_0010.jpg,Colin_Powell
Colin_Powell/Colin_Powell_0011.jpg,Colin_Powell
Colin_Powell/Colin_Powell_0012.jpg,Colin_Powell
Colin_Powell/Colin_Powell_0013.jpg,Colin_Powell
Colin_Powell/Colin_Powell_0014.jpg,Colin_Powell
Colin_Powell/Colin_Powell_0015.jpg,Colin_Powell
Colin_Powell/Colin_Powell_0016.jpg,Colin_Powell
Colin_Powell/Colin_Powell_0017.jpg,Colin_Powell
Colin_Powell/Colin_Powell_0018.jpg,Colin_Powell
Colin_Powell/Colin_Powell_0019.jpg,Colin_Powell
Colin_Powell/Colin_Powell_0020.jpg,Colin_Powell
Colin_Powell/Colin_Powell_0021.jpg,Colin_Powell
Colin_Powell/Colin_Powell_0022.jpg,Colin_Powell
Colin_Powell/Colin_Powell_0023.jpg,Colin_Powell
Colin_Powell/Colin_Powell_0024.jpg,Colin_Powell
Colin_Powell/Colin_Powell_0025.jpg,Colin_Powell
Colin_Powell/Colin_Powell_0026.jpg,Colin_Powell
Colin_Powell/Colin_Powell_0027.jpg,Colin_Powell
Colin_Powell/Colin_Powell_0028.jpg,Colin_Powell
Colin_Powell/Colin_Powell_0029.jpg,Colin_Powell
Colin_Powell/Colin_Powell_0030.jpg,Colin_Powell
Colin_Powell/Colin_Powell_0031.jpg,Colin_Powell
Colin_Powell/Colin_Powell_0032.jpg,Colin_Powell
Colin_Powell/Colin_Powell_0033.jpg,Colin_Powell
Colin_Powell/Colin_Powell_0034.jpg,Colin_Powell
Colin_Powell/Colin_Powell_0035.jpg,Colin_Powell
Colin_Powell/Colin_Powell_0036.jpg,Colin_Powell
Colin_Powell/Colin_Powell_0037.jpg,Colin_Powell
Colin_Powell/Colin_Powell_0038.jpg,Colin_Powell
Colin_Powell/Colin_Powell_0039.jpg,Colin_Powell
Colin_Powell/Colin_Powell_0040.jpg,Colin_Powell
Colin_Powell/Colin_Powell_0041.jpg,Colin_Powell
Colin_Powell/Colin_Powell_0042.jpg,Colin_Powell
Colin_Powell/Colin_Powell_0043.jpg,Colin_Powell
Colin_Powell/Colin_Powell_0044.jpg,Colin_Powell
Colin_Powell/Colin_Powell_0045.jpg,Colin_Powell
Colin_Powell/Colin_Powell_0046.jpg,Colin_Powell
Colin_Powell/Colin_Powell_0047.jpg,Colin_Powell
Colin_Powell/Colin_Powell_0048.jpg,Colin_Powell
Colin_Powell/Colin_Powell_0049.jpg,Colin_Powell
Colin_Powell/Colin_Powell_0050.jpg,Colin_Powell
Colin_Powell/Colin_Powell_0051.jpg,Colin_Powell
Colin_Powell/Colin_Powell_0052.jpg,Colin_Powell
Colin_Powell/Colin_Powell_0053.jpg,Colin_Powell
Colin_Powell/Colin_Powell_0054.jpg,Colin_Powell
Colin_Powell/Colin_Powell_0055.jpg,Colin_Powell
Colin_Powell/Colin_Powell_0056.jpg,Colin_Powell
Colin_Powell/Colin_Powell_0057.jpg,Colin_Powell
Colin_Powell/Colin_Powell_0058.jpg,Colin_Powell
Colin_Powell/Colin_Powell_0059.jpg,Colin_Powell
Colin_Powell/Colin_Powell_0060.jpg,Colin_Powell
Colin_Powell/Colin_Powell_0061.jpg,Colin_Powell
Colin_Powell/Colin_Powell_0062.jpg,Colin_Powell
Colin_Powell/Colin_Powell_0063.jpg,Colin_Powell
Colin_Powell/Colin_Powell_0064.jpg,Colin_Powell
Colin_Powell/Colin_Powell_0065.jpg,Colin_Powell
Colin_Powell/Colin_Powell_0066.jpg,Colin_Powell
Colin_Powell/Colin_Powell_0067.jpg,Colin_Powell
Colin_Powell/Colin_Powell_0068.jpg,Colin_Powell
Colin_Powell/Colin_Powell_0069.jpg,Colin_Powell
Colin_Powell/Colin_Powell_0070.jpg,Colin_Powell
Colin_Powell/Colin_Powell_0071.jpg,Colin_Powell
Colin_Powell/Colin_Powell_0072.jpg,Colin_Powell
Colin_Powell/Colin_Powell_0073.jpg,Colin_Powell
Colin_Powell/Colin_Powell_0074.jpg,Colin_Powell
Colin_Powell/Colin_Powell_0075.jpg,Colin_Powell
Colin_Powell/Colin_Powell_0076.jpg,Colin_Powell
Colin_Powell/Colin_Powell_0077.jpg,Colin_Powell
Colin_Powell/Colin_Powell_0078.jpg,Colin_Powell
Colin_Powell/Colin_Powell_0079.jpg,Colin_Powell
Colin_Powell/Colin_Powell_0080.jpg,Colin_Powell
Colin_Powell/Colin_Powell_0081.jpg,Colin_Powell
Colin_Powell/Colin_Powell_0082.jpg,Colin_Powell
Colin_Powell/Colin_Powell_0083.jpg,Colin_Powell
Colin_Powell/Colin_Powell_0084.jpg,Colin_Powell
Colin_Powell/Colin_Powell_0085.jpg,Colin_Powell
Colin_Powell/Colin_Powell_0086.jpg,Colin_Powell
Colin_Powell/Colin_Powell_0087.jpg,Colin_Powell
Colin_Powell/Colin_Powell_0088.jpg,Colin_Powell
Colin_Powell/Colin_Powell_0089.jpg,Colin_Powell
Colin_Powell/Colin_Powell_0090.jpg,Colin_Powell
Colin_Powell/Colin_Powell_0091.jpg,Colin_Powell
Colin_Powell/Colin_Powell_0092.jpg,Colin_Powell
Colin_Powell/Colin_Powell_0093.jpg,Colin_Powell
Colin_Powell/Colin_Powell_0094.jpg,Colin_Powell
Colin_Powell/Colin_Powell_0095.jpg,Colin_Powell
Colin_Powell/Colin_Powell_0096.jpg,Colin_Powell
Colin_Powell/Colin_Powell_0097.jpg,Colin_Powell
Colin_Powell/Colin_Powell_0098.jpg,Colin_Powell
Colin_Powell/Colin_Powell_0099.jpg,Colin_Powell
Colin_Powell/Colin_Powell_0100.jpg,Colin_Powell
Colin_Powell/Colin_Powell_0101.jpg,Colin_Powell
Colin_Powell/Colin_Powell_0102.jpg,Colin_Powell
Colin_Powell/Colin_Powell_0103.jpg,Colin_Powell
Colin_Powell/Colin_Powell_0104.jpg,Colin_Powell
Colin_Powell/Colin_Powell_0105.jpg,Colin_Powell
Colin_Powell/Colin_Powell_0106.jpg,Colin_Powell
Colin_Powell/Colin_Powell_0107.jpg,Colin_Powell
Colin_Powell/Colin_Powell_0108.jpg,Colin_Powell
Colin_Powell/Colin_Powell_0109.jpg,Colin_Powell
Colin_Powell/Colin_Powell_0110.jpg,Colin_Powell
Colin_Powell/Colin_Powell_0111.jpg,Colin_Powell
Colin_Powell/Colin_Powell_0112.jpg,Colin_Powell
Colin_Powell/Colin_Powell_0113.jpg,Colin_Powell
Colin_Powell/Colin_Powell_0114.jpg,Colin_Powell
Colin_Powell/Colin_Powell_0115.jpg,Colin_Powell
Colin_Powell/Colin_Powell_0116.jpg,Colin_Powell
Colin_Powell/Colin_Powell_0117.jpg,Colin_Powell
Colin_Powell/Colin_Powell_0118.jpg,Colin_Powell
Colin_Powell/Colin_Powell_0119.jpg,Colin_Powell
Colin_Powell/Colin_Powell_0120.jpg,Colin_Powell
Colin_Powell/Colin_Powell_0121.jpg,Colin_Powell
Colin_Powell/Colin_Powell_0122.jpg,Colin_Powell
Colin_Powell/Colin_Powell_0123.jpg,Colin_Powell
Colin_Powell/Colin_Powell_0124.jpg,Colin_Powell
Colin_Powell/Colin_Powell_0125.jpg,Colin_Powell
Colin_Powell/Colin_Powell_0126.jpg,Colin_Powell
Colin_Powell/Colin_Powell_0127.jpg,Colin_Powell
Colin_Powell/Colin_Powell_0128.jpg,Colin_Powell
Colin_Powell/Colin_Powell_0129.jpg,Colin_Powell
Colin_Powell/Colin_Powell_0130.jpg,Colin_Powell
Colin_Powell/Colin_Powell_0131.jpg,Colin_Powell
Colin_Powell/Colin_Powell_0132.jpg,Colin_Powell
Colin_Powell/Colin_Powell_0133.jpg,Colin_Powell
Colin_Powell/Colin_Powell_0134.jpg,Colin_Powell
Colin_Powell/Colin_Powell_0135.jpg,Colin_Powell
Colin_Powell/Colin_Powell_0136.jpg,Colin_Powell
Colin_Powell/Colin_Powell_0137.jpg,Colin_Powell
Colin_Powell/Colin_Powell_0138.jpg,Colin_Powell
Colin_Powell/Colin_Powell_0139.jpg,Colin_Powell
Colin_Powell/Colin_Powell_0140.jpg,Colin_Powell
Colin_Powell/Colin_Powell_0141.jpg,Colin_Powell
Colin_Powell/Colin_Powell_0142.jpg,Colin_Powell
Colin_Powell/Colin_Powell_0143.jpg,Colin_Powell
Colin_Powell/Colin_Powell_0144.jpg,Colin_Powell
Colin_Powell/Colin_Powell_0145.jpg,Colin_Powell
Colin_Powell/Colin_Powell_0146.jpg,Colin_Powell
Colin_Powell/Colin_Powell_0147.jpg,Colin_Powell
Colin_Powell/Colin_Powell_0148.jpg,Colin_Powell
Colin_Powell/Colin_Powell_0149.jpg,Colin_Powell
Colin_Powell/Colin_Powell_0150.jpg,Colin_Powell
Colin_Powell/Colin_Powell_0151.jpg,Colin_Powell
Colin_Powell/Colin_Powell_0152.jpg,Colin_Powell
Colin_Powell/Colin_Powell_0153.jpg,Colin_Powell
Colin_Powell/Colin_Powell_0154.jpg,Colin_Powell
Colin_Powell/Colin_Powell_0155.jpg,Colin_Powell
Colin_Powell/Colin_Powell_0156.jpg,Colin_Powell
Colin_Powell/Colin_Powell_0157.jpg,Colin_Powell
Colin_Powell/Colin_Powell_0158.jpg,Colin_Powell
Colin_Powell/Colin_Powell_0159.jpg,Colin_Powell
Colin_Powell/Colin_Powell_0160.jpg,Colin_Powell
Colin_Powell/Colin_Powell_0161.jpg,Colin_Powell
Colin_Powell/Colin_Powell_0162.jpg,Colin_Powell
Colin_Powell/Colin_Powell_0163.jpg,Colin_Powell
Colin_Powell/Colin_Powell_0164.jpg,Colin_Powell
Colin_Powell/Colin_Powell_0165.jpg,Colin_Powell
Colin_Powell/Colin_Powell_0166.jpg,Colin_Powell
Colin_Powell/Colin_Powell_0167.jpg,Colin_Powell
Colin_Powell/Colin_Powell_0168.jpg,Colin_Powell
Colin_Powell/Colin_Powell_0169.jpg,Colin_Powell
Colin_Powell/Colin_Powell_0170.jpg,Colin_Powell
Colin_Powell/Colin_Powell_0171.jpg,Colin_Powell
Colin_Powell/Colin_Powell_0172.jpg,Colin_Powell
Colin_Powell/Colin_Powell_0173.jpg,Colin_Powell
Colin_Powell/Colin_Powell_0174.jpg,Colin_Powell
Colin_Powell/Colin_Powell_0175.jpg,Colin_Powell
Colin_Powell/Colin_Powell_0176.jpg,Colin_Powell
Colin_Powell/Colin_Powell_0177.jpg,Colin_Powell
Colin_Powell/Colin_Powell_0178.jpg,Colin_Powell
Colin_Powell/Colin_Powell_0179.jpg,Colin_Powell
Colin_Powell/Colin_Powell_0180.jpg,Colin_Powell
Colin_Powell/Colin_Powell_0181.jpg,Colin_Powell
Colin_Powell/Colin_Powell_0182.jpg,Colin_Powell
Colin_Powell/Colin_Powell_0183.jpg,Colin_Powell
Colin_Powell/Colin_Powell_0184.jpg,Colin_Powell
Colin_Powell/Colin_Powell_0185.jpg,Colin_Powell
Colin_Powell/Colin_Powell_0186.jpg,Colin_Powell
Colin_Powell/Colin_Powell_0187.jpg,Colin_Powell
Colin_Powell/Colin_Powell_0188.jpg,Colin_Powell
Colin_Powell/Colin_Powell_0189.jpg,Colin_Powell
Colin_Powell/Colin_Powell_0190.jpg,Colin_Powell
Colin_Powell/Colin_Powell_0191.jpg,Colin_Powell
Colin_Powell/Colin_Powell_0192.jpg,Colin_Powell
Colin_Powell/Colin_Powell_0193.jpg,Colin_Powell
Colin_Powell/Colin_Powell_0194.jpg,Colin_Powell
Colin_Powell/Colin_Powell_0195.jpg,Colin_Powell
Colin_Powell/Colin_Powell_0196.jpg,Colin_Powell
Colin_Powell/Colin_Powell_0197.jpg,Colin_Powell
Colin_Powell/Colin_Powell_0198.jpg,Colin_Powell
Colin_Powell/Colin_Powell_0199.jpg,Colin_Powell
Colin_Powell/Colin_Powell_0200.jpg,Colin_Powell
Colin_Powell/Colin_Powell_0201.jpg,Colin_Powell
Colin_Powell/Colin_Powell_0202.jpg,Colin_Powell
Colin_Powell/Colin_Powell_0203.jpg,Colin_Powell
Colin_Powell/Colin_Powell_0204.jpg,Colin_Powell
Colin_Powell/Colin_Powell_0205.jpg,Colin_Powell
Colin_Powell/Colin_Powell_0206.jpg,Colin_Powell
Colin_Powell/Colin_Powell_0207.jpg,Colin_Powell
Colin_Powell/Colin_Powell_0208.jpg,Colin_Powell
Colin_Powell/Colin_Powell_0209.jpg,Colin_Powell
Colin_Powell/Colin_Powell_0210.jpg,Colin_Powell
Colin_Powell/Colin_Powell_0211.jpg,Colin_Powell
Colin_Powell/Colin_Powell_0212.jpg,Colin_Powell
Colin_Powell/Colin_Powell_0213.jpg,Colin_Powell
Colin_Powell/Colin_Powell_0214.jpg,Colin_Powell
Colin_Powell/Colin_Powell_0215.jpg,Colin_Powell
Colin_Powell/Colin_Powell_0216.jpg,Colin_Powell
Colin_Powell/Colin_Powell_0217.jpg,Colin_Powell
Colin_Powell/Colin_Powell_0218.jpg,Colin_Powell
Colin_Powell/Colin_Powell_0219.jpg,Colin_Powell
Colin_Powell/Colin_Powell_0220.jpg,Colin_Powell
Colin_Powell/Colin_Powell_0221.jpg,Colin_Powell
Colin_Powell/Colin_Powell_0222.jpg,Colin_Powell
Colin_Powell/Colin_Powell_0223.jpg,Colin_Powell
Colin_Powell/Colin_Powell_0224.jpg,Colin_Powell
Colin_Powell/Colin_Powell_0225.jpg,Colin_Powell
Colin_Powell/Colin_Powell_0226.jpg,Colin_Powell
Colin_Powell/Colin_Powell_0227.jpg,Colin_Powell
Colin_Powell/Colin_Powell_0228.jpg,Colin_Powell
Colin_Powell/Colin_Powell_0229.jpg,Colin_Powell
Colin_Powell/Colin_Powell_0230.jpg,Colin_Powell
Colin_Powell/Colin_Powell_0231.jpg,Colin_Powell
Colin_Powell/Colin_Powell_0232.jpg,Colin_Powell
Colin_Powell/Colin_Powell_0233.jpg,Colin_Powell
Colin_Powell/Colin_Powell_0234.jpg,Colin_Powell
Colin_Powell/Colin_Powell_0235.jpg,Colin_Powell
Colin_Powell/Colin_Powell_0236.jpg,Colin_Powell
David_Beckham/David_Beckham_0001.jpg,David_Beckham
David_Beckham/David_Beckham_0002.jpg,David_Beckham
David_Beckham/David_Beckham_0003.jpg,David_Beckham
David_Beckham/David_Beckham_0004.jpg,David_Beckham
David_Beckham/David_Beckham_0005.jpg,David_Beckham
David_Beckham/David_Beckham_0006.jpg,David_Beckham
David_Beckham/David_Beckham_0007.jpg,David_Beckham
David_Beckham/David_Beckham_0008.jpg,David_Beckham
David_Beckham/David_Beckham_0009.jpg,David_Beckham
David_Beckham/David_Beckham_0010.jpg,David_Beckham
David_Beckham/David_Beckham_0011.jpg,David_Beckham
David_Beckham/David_Beckham_0012.jpg,David_Beckham
David_Beckham/David_Beckham_0013.jpg,David_Beckham
David_Beckham/David_Beckham_0014.jpg,David_Beckham
David_Beckham/David_Beckham_0015.jpg,David_Beckham
David_Beckham/David_Beckham_0016.jpg,David_Beckham
David_Beckham/David_Beckham_0017.jpg,David_Beckham
David_Beckham/David_Beckham_0018.jpg,David_Beckham
David_Beckham/David_Beckham_0019.jpg,David_Beckham
David_Beckham/David_Beckham_0020.jpg,David_Beckham
David_Beckham/David_Beckham_0021.jpg,David_Beckham
David_Beckham/David_Beckham_0022.jpg,David_Beckham
David_Beckham/David_Beckham_0023.jpg,David_Beckham
David_Beckham/David_Beckham_0024.jpg,David_Beckham
David_Beckham/David_Beckham_0025.jpg,David_Beckham
David_Beckham/David_Beckham_0026.jpg,David_Beckham
David_Beckham/David_Beckham_0027.jpg,David_Beckham
David_Beckham/David_Beckham_0028.jpg,David_Beckham
David_Beckham/David_Beckham_0029.jpg,David_Beckham
David_Beckham/David_Beckham_0030.jpg,David_Beckham
David_Beckham/David_Beckham_0031.jpg,David_Beckham
Donald_Rumsfeld/Donald_Rumsfeld_0001.jpg,Donald_Rumsfeld
Donald_Rumsfeld/Donald_Rumsfeld_0002.jpg,Donald_Rumsfeld
Donald_Rumsfeld/Donald_Rumsfeld_0003.jpg,Donald_Rumsfeld
Donald_Rumsfeld/Donald_Rumsfeld_0004.jpg,Donald_Rumsfeld
Donald_Rumsfeld/Donald_Rumsfeld_0005.jpg,Donald_Rumsfeld
Donald_Rumsfeld/Donald_Rumsfeld_0006.jpg,Donald_Rumsfeld
Donald_Rumsfeld/Donald_Rumsfeld_0007.jpg,Donald_Rumsfeld
Donald_Rumsfeld/Donald_Rumsfeld_0008.jpg,Donald_Rumsfeld
Donald_Rumsfeld/Donald_Rumsfeld_0009.jpg,Donald_Rumsfeld
Donald_Rumsfeld/Donald_Rumsfeld_0010.jpg,Donald_Rumsfeld
Donald_Rumsfeld/Donald_Rumsfeld_0011.jpg,Donald_Rumsfeld
Donald_Rumsfeld/Donald_Rumsfeld_0012.jpg,Donald_Rumsfeld
Donald_Rumsfeld/Donald_Rumsfeld_0013.jpg,Donald_Rumsfeld
Donald_Rumsfeld/Donald_Rumsfeld_0014.jpg,Donald_Rumsfeld
Donald_Rumsfeld/Donald_Rumsfeld_0015.jpg,Donald_Rumsfeld
Donald_Rumsfeld/Donald_Rumsfeld_0016.jpg,Donald_Rumsfeld
Donald_Rumsfeld/Donald_Rumsfeld_0017.jpg,Donald_Rumsfeld
Donald_Rumsfeld/Donald_Rumsfeld_0018.jpg,Donald_Rumsfeld
Donald_Rumsfeld/Donald_Rumsfeld_0019.jpg,Donald_Rumsfeld
Donald_Rumsfeld/Donald_Rumsfeld_0020.jpg,Donald_Rumsfeld
Donald_Rumsfeld/Donald_Rumsfeld_0021.jpg,Donald_Rumsfeld
Donald_Rumsfeld/Donald_Rumsfeld_0022.jpg,Donald_Rumsfeld
Donald_Rumsfeld/Donald_Rumsfeld_0023.jpg,Donald_Rumsfeld
Donald_Rumsfeld/Donald_Rumsfeld_0024.jpg,Donald_Rumsfeld
Donald_Rumsfeld/Donald_Rumsfeld_0025.jpg,Donald_Rumsfeld
Donald_Rumsfeld/Donald_Rumsfeld_0026.jpg,Donald_Rumsfeld
Donald_Rumsfeld/Donald_Rumsfeld_0027.jpg,Donald_Rumsfeld
Donald_Rumsfeld/Donald_Rumsfeld_0028.jpg,Donald_Rumsfeld
Donald_Rumsfeld/Donald_Rumsfeld_0029.jpg,Donald_Rumsfeld
Donald_Rumsfeld/Donald_Rumsfeld_0030.jpg,Donald_Rumsfeld
Donald_Rumsfeld/Donald_Rumsfeld_0031.jpg,Donald_Rumsfeld
Donald_Rumsfeld/Donald_Rumsfeld_0032.jpg,Donald_Rumsfeld
Donald_Rumsfeld/Donald_Rumsfeld_0033.jpg,Donald_Rumsfeld
Donald_Rumsfeld/Donald_Rumsfeld_0034.jpg,Donald_Rumsfeld
Donald_Rumsfeld/Donald_Rumsfeld_0035.jpg,Donald_Rumsfeld
Donald_Rumsfeld/Donald_Rumsfeld_0036.jpg,Donald_Rumsfeld
Donald_Rumsfeld/Donald_Rumsfeld_0037.jpg,Donald_Rumsfeld
Donald_Rumsfeld/Donald_Rumsfeld_0038.jpg,Donald_Rumsfeld
Donald_Rumsfeld/Donald_Rumsfeld_0039.jpg,Donald_Rumsfeld
Donald_Rumsfeld/Donald_Rumsfeld_0040.jpg,Donald_Rumsfeld
Donald_Rumsfeld/Donald_Rumsfeld_0041.jpg,Donald_Rumsfeld
Donald_Rumsfeld/Donald_Rumsfeld_0042.jpg,Donald_Rumsfeld
Donald_Rumsfeld/Donald_Rumsfeld_0043.jpg,Donald_Rumsfeld
Donald_Rumsfeld/Donald_Rumsfeld_0044.jpg,Donald_Rumsfeld
Donald_Rumsfeld/Donald_Rumsfeld_0045.jpg,Donald_Rumsfeld
Donald_Rumsfeld/Donald_Rumsfeld_0046.jpg,Donald_Rumsfeld
Donald_Rumsfeld/Donald_Rumsfeld_0047.jpg,Donald_Rumsfeld
Donald_Rumsfeld/Donald_Rumsfeld_0048.jpg,Donald_Rumsfeld
Donald_Rumsfeld/Donald_Rumsfeld_0049.jpg,Donald_Rumsfeld
Donald_Rumsfeld/Donald_Rumsfeld_0050.jpg,Donald_Rumsfeld
Donald_Rumsfeld/Donald_Rumsfeld_0051.jpg,Donald_Rumsfeld
Donald_Rumsfeld/Donald_Rumsfeld_0052.jpg,Donald_Rumsfeld
Donald_Rumsfeld/Donald_Rumsfeld_0053.jpg,Donald_Rumsfeld
Donald_Rumsfeld/Donald_Rumsfeld_0054.jpg,Donald_Rumsfeld
Donald_Rumsfeld/Donald_Rumsfeld_0055.jpg,Donald_Rumsfeld
Donald_Rumsfeld/Donald_Rumsfeld_0056.jpg,Donald_Rumsfeld
Donald_Rumsfeld/Donald_Rumsfeld_0057.jpg,Donald_Rumsfeld
Donald_Rumsfeld/Donald_Rumsfeld_0058.jpg,Donald_Rumsfeld
Donald_Rumsfeld/Donald_Rumsfeld_0059.jpg,Donald_Rumsfeld
Donald_Rumsfeld/Donald_Rumsfeld_0060.jpg,Donald_Rumsfeld
Donald_Rumsfeld/Donald_Rumsfeld_0061.jpg,Donald_Rumsfeld
Donald_Rumsfeld/Donald_Rumsfeld_0062.jpg,Donald_Rumsfeld
Donald_Rumsfeld/Donald_Rumsfeld_0063.jpg,Donald_Rumsfeld
Donald_Rumsfeld/Donald_Rumsfeld_0064.jpg,Donald_Rumsfeld
Donald_Rumsfeld/Donald_Rumsfeld_0065.jpg,Donald_Rumsfeld
Donald_Rumsfeld/Donald_Rumsfeld_0066.jpg,Donald_Rumsfeld
Donald_Rumsfeld/Donald_Rumsfeld_0067.jpg,Donald_Rumsfeld
Donald_Rumsfeld/Donald_Rumsfeld_0068.jpg,Donald_Rumsfeld
Donald_Rumsfeld/Donald_Rumsfeld_0069.jpg,Donald_Rumsfeld
Donald_Rumsfeld/Donald_Rumsfeld_0070.jpg,Donald_Rumsfeld
Donald_Rumsfeld/Donald_Rumsfeld_0071.jpg,Donald_Rumsfeld
Donald_Rumsfeld/Donald_Rumsfeld_0072.jpg,Donald_Rumsfeld
Donald_Rumsfeld/Donald_Rumsfeld_0073.jpg,Donald_Rumsfeld
Donald_Rumsfeld/Donald_Rumsfeld_0074.jpg,Donald_Rumsfeld
Donald_Rumsfeld/Donald_Rumsfeld_0075.jpg,Donald_Rumsfeld
Donald_Rumsfeld/Donald_Rumsfeld_0076.jpg,Donald_Rumsfeld
Donald_Rumsfeld/Donald_Rumsfeld_0077.jpg,Donald_Rumsfeld
Donald_Rumsfeld/Donald_Rumsfeld_0078.jpg,Donald_Rumsfeld
Donald_Rumsfeld/Donald_Rumsfeld_0079.jpg,Donald_Rumsfeld
Donald_Rumsfeld/Donald_Rumsfeld_0080.jpg,Donald_Rumsfeld
Donald_Rumsfeld/Donald_Rumsfeld_0081.jpg,Donald_Rumsfeld
Donald_Rumsfeld/Donald_Rumsfeld_0082.jpg,Donald_Rumsfeld
Donald_Rumsfeld/Donald_Rumsfeld_0083.jpg,Donald_Rumsfeld
Donald_Rumsfeld/Donald_Rumsfeld_0084.jpg,Donald_Rumsfeld
Donald_Rumsfeld/Donald_Rumsfeld_0085.jpg,Donald_Rumsfeld
Donald_Rumsfeld/Donald_Rumsfeld_0086.jpg,Donald_Rumsfeld
Donald_Rumsfeld/Donald_Rumsfeld_0087.jpg,Donald_Rumsfeld
Donald_Rumsfeld/Donald_Rumsfeld_0088.jpg,Donald_Rumsfeld
Donald_Rumsfeld/Donald_Rumsfeld_0089.jpg,Donald_Rumsfeld
Donald_Rumsfeld/Donald_Rumsfeld_0090.jpg,Donald_Rumsfeld
Donald_Rumsfeld/Donald_Rumsfeld_0091.jpg,Donald_Rumsfeld
Donald_Rumsfeld/Donald_Rumsfeld_0092.jpg,Donald_Rumsfeld
Donald_Rumsfeld/Donald_Rumsfeld_0093.jpg,Donald_Rumsfeld
Donald_Rumsfeld/Donald_Rumsfeld_0094.jpg,Donald_Rumsfeld
Donald_Rumsfeld/Donald_Rumsfeld_0095.jpg,Donald_Rumsfeld
Donald_Rumsfeld/Donald_Rumsfeld_0096.jpg,Donald_Rumsfeld
Donald_Rumsfeld/Donald_Rumsfeld_0097.jpg,Donald_Rumsfeld
Donald_Rumsfeld/Donald_Rumsfeld_0098.jpg,Donald_Rumsfeld
Donald_Rumsfeld/Donald_Rumsfeld_0099.jpg,Donald_Rumsfeld
Donald_Rumsfeld/Donald_Rumsfeld_0100.jpg,Donald_Rumsfeld
Donald_Rumsfeld/Donald_Rumsfeld_0101.jpg,Donald_Rumsfeld
Donald_Rumsfeld/Donald_Rumsfeld_0102.jpg,Donald_Rumsfeld
Donald_Rumsfeld/Donald_Rumsfeld_0103.jpg,Donald_Rumsfeld
Donald_Rumsfeld/Donald_Rumsfeld_0104.jpg,Donald_Rumsfeld
Donald_Rumsfeld/Donald_Rumsfeld_0105.jpg,Donald_Rumsfeld
Donald_Rumsfeld/Donald_Rumsfeld_0106.jpg,Donald_Rumsfeld
Donald_Rumsfeld/Donald_Rumsfeld_0107.jpg,Donald_Rumsfeld
Donald_Rumsfeld/Donald_Rumsfeld_0108.jpg,Donald_Rumsfeld
Donald_Rumsfeld/Donald_Rumsfeld_0109.jpg,Donald_Rumsfeld
Donald_Rumsfeld/Donald_Rumsfeld_0110.jpg,Donald_Rumsfeld
Donald_Rumsfeld/Donald_Rumsfeld_0111.jpg,Donald_Rumsfeld
Donald_Rumsfeld/Donald_Rumsfeld_0112.jpg,Donald_Rumsfeld
Donald_Rumsfeld/Donald_Rumsfeld_0113.jpg,Donald_Rumsfeld
Donald_Rumsfeld/Donald_Rumsfeld_0114.jpg,Donald_Rumsfeld
Donald_Rumsfeld/Donald_Rumsfeld_0115.jpg,Donald_Rumsfeld
Donald_Rumsfeld/Donald_Rumsfeld_0116.jpg,Donald_Rumsfeld
Donald_Rumsfeld/Donald_Rumsfeld_0117.jpg,Donald_Rumsfeld
Donald_Rumsfeld/Donald_Rumsfeld_0118.jpg,Donald_Rumsfeld
Donald_Rumsfeld/Donald_Rumsfeld_0119.jpg,Donald_Rumsfeld
Donald_Rumsfeld/Donald_Rumsfeld_0120.jpg,Donald_Rumsfeld
Donald_Rumsfeld/Donald_Rumsfeld_0121.jpg,Donald_Rumsfeld
George_Robertson/George_Robertson_0001.jpg,George_Robertson
George_Robertson/George_Robertson_0002.jpg,George_Robertson
George_Robertson/George_Robertson_0003.jpg,George_Robertson
George_Robertson/George_Robertson_0004.jpg,George_Robertson
George_Robertson/George_Robertson_0005.jpg,George_Robertson
George_Robertson/George_Robertson_0006.jpg,George_Robertson
George_Robertson/George_Robertson_0007.jpg,George_Robertson
George_Robertson/George_Robertson_0008.jpg,George_Robertson
George_Robertson/George_Robertson_0009.jpg,George_Robertson
George_Robertson/George_Robertson_0010.jpg,George_Robertson
George_Robertson/George_Robertson_0011.jpg,George_Robertson
George_Robertson/George_Robertson_0012.jpg,George_Robertson
George_Robertson/George_Robertson_0013.jpg,George_Robertson
George_Robertson/George_Robertson_0014.jpg,George_Robertson
George_Robertson/George_Robertson_0015.jpg,George_Robertson
George_Robertson/George_Robertson_0016.jpg,George_Robertson
George_Robertson/George_Robertson_0017.jpg,George_Robertson
George_Robertson/George_Robertson_0018.jpg,George_Robertson
George_Robertson/George_Robertson_0019.jpg,George_Robertson
George_Robertson/George_Robertson_0020.jpg,George_Robertson
George_Robertson/George_Robertson_0021.jpg,George_Robertson
George_Robertson/George_Robertson_0022.jpg,George_Robertson
George_W_Bush/George_W_Bush_0001.jpg,George_W_Bush
George_W_Bush/George_W_Bush_0002.jpg,George_W_Bush
George_W_Bush/George_W_Bush_0003.jpg,George_W_Bush
George_W_Bush/George_W_Bush_0004.jpg,George_W_Bush
George_W_Bush/George_W_Bush_0005.jpg,George_W_Bush
George_W_Bush/George_W_Bush_0006.jpg,George_W_Bush
George_W_Bush/George_W_Bush_0007.jpg,George_W_Bush
George_W_Bush/George_W_Bush_0008.jpg,George_W_Bush
George_W_Bush/George_W_Bush_0009.jpg,George_W_Bush
George_W_Bush/George_W_Bush_0010.jpg,George_W_Bush
George_W_Bush/George_W_Bush_0011.jpg,George_W_Bush
George_W_Bush/George_W_Bush_0012.jpg,George_W_Bush
George_W_Bush/George_W_Bush_0013.jpg,George_W_Bush
George_W_Bush/George_W_Bush_0014.jpg,George_W_Bush
George_W_Bush/George_W_Bush_0015.jpg,George_W_Bush
George_W_Bush/George_W_Bush_0016.jpg,George_W_Bush
George_W_Bush/George_W_Bush_0017.jpg,George_W_Bush
George_W_Bush/George_W_Bush_0018.jpg,George_W_Bush
George_W_Bush/George_W_Bush_0019.jpg,George_W_Bush
George_W_Bush/George_W_Bush_0020.jpg,George_W_Bush
George_W_Bush/George_W_Bush_0021.jpg,George_W_Bush
George_W_Bush/George_W_Bush_0022.jpg,George_W_Bush
George_W_Bush/George_W_Bush_0023.jpg,George_W_Bush
George_W_Bush/George_W_Bush_0024.jpg,George_W_Bush
George_W_Bush/George_W_Bush_0025.jpg,George_W_Bush
George_W_Bush/George_W_Bush_0026.jpg,George_W_Bush
George_W_Bush/George_W_Bush_0027.jpg,George_W_Bush
George_W_Bush/George_W_Bush_0028.jpg,George_W_Bush
George_W_Bush/George_W_Bush_0029.jpg,George_W_Bush
George_W_Bush/George_W_Bush_0030.jpg,George_W_Bush
George_W_Bush/George_W_Bush_0031.jpg,George_W_Bush
George_W_Bush/George_W_Bush_0032.jpg,George_W_Bush
George_W_Bush/George_W_Bush_0033.jpg,George_W_Bush
George_W_Bush/George_W_Bush_0034.jpg,George_W_Bush
George_W_Bush/George_W_Bush_0035.jpg,George_W_Bush
George_W_Bush/George_W_Bush_0036.jpg,George_W_Bush
George_W_Bush/George_W_Bush_0037.jpg,George_W_Bush
George_W_Bush/George_W_Bush_0038.jpg,George_W_Bush
George_W_Bush/George_W_Bush_0039.jpg,George_W_Bush
George_W_Bush/George_W_Bush_0040.jpg,George_W_Bush
George_W_Bush/George_W_Bush_0041.jpg,George_W_Bush
George_W_Bush/George_W_Bush_0042.jpg,George_W_Bush
George_W_Bush/George_W_Bush_0043.jpg,George_W_Bush
George_W_Bush/George_W_Bush_0044.jpg,George_W_Bush
George_W_Bush/George_W_Bush_0045.jpg,George_W_Bush
George_W_Bush/George_W_Bush_0046.jpg,George_W_Bush
George_W_Bush/George_W_Bush_0047.jpg,George_W_Bush
George_W_Bush/George_W_Bush_0048.jpg,George_W_Bush
George_W_Bush/George_W_Bush_0049.jpg,George_W_Bush
George_W_Bush/George_W_Bush_0050.jpg,George_W_Bush
George_W_Bush/George_W_Bush_0051.jpg,George_W_Bush
George_W_Bush/George_W_Bush_0052.jpg,George_W_Bush
George_W_Bush/George_W_Bush_0053.jpg,George_W_Bush
George_W_Bush/George_W_Bush_0054.jpg,George_W_Bush
George_W_Bush/George_W_Bush_0055.jpg,George_W_Bush
George_W_Bush/George_W_Bush_0056.jpg,George_W_Bush
George_W_Bush/George_W_Bush_0057.jpg,George_W_Bush
George_W_Bush/George_W_Bush_0058.jpg,George_W_Bush
George_W_Bush/George_W_Bush_0059.jpg,George_W_Bush
George_W_Bush/George_W_Bush_0060.jpg,George_W_Bush
George_W_Bush/George_W_Bush_0061.jpg,George_W_Bush
George_W_Bush/George_W_Bush_0062.jpg,George_W_Bush
George_W_Bush/George_W_Bush_0063.jpg,George_W_Bush
George_W_Bush/George_W_Bush_0064.jpg,George_W_Bush
George_W_Bush/George_W_Bush_0065.jpg,George_W_Bush
George_W_Bush/George_W_Bush_0066.jpg,George_W_Bush
George_W_Bush/George_W_Bush_0067.jpg,George_W_Bush
George_W_Bush/George_W_Bush_0068.jpg,George_W_Bush
George_W_Bush/George_W_Bush_0069.jpg,George_W_Bush
George_W_Bush/George_W_Bush_0070.jpg,George_W_Bush
George_W_Bush/George_W_Bush_0071.jpg,George_W_Bush
George_W_Bush/George_W_Bush_0072.jpg,George_W_Bush
George_W_Bush/George_W_Bush_0073.jpg,George_W_Bush
George_W_Bush/George_W_Bush_0074.jpg,George_W_Bush
George_W_Bush/George_W_Bush_0075.jpg,George_W_Bush
George_W_Bush/George_W_Bush_0076.jpg,George_W_Bush
George_W_Bush/George_W_Bush_0077.jpg,George_W_Bush
George_W_Bush/George_W_Bush_0078.jpg,George_W_Bush
George_W_Bush/George_W_Bush_0079.jpg,George_W_Bush
George_W_Bush/George_W_Bush_0080.jpg,George_W_Bush
George_W_Bush/George_W_Bush_0081.jpg,George_W_Bush
George_W_Bush/George_W_Bush_0082.jpg,George_W_Bush
George_W_Bush/George_W_Bush_0083.jpg,George_W_Bush
George_W_Bush/George_W_Bush_0084.jpg,George_W_Bush
George_W_Bush/George_W_Bush_0085.jpg,George_W_Bush
George_W_Bush/George_W_Bush_0086.jpg,George_W_Bush
George_W_Bush/George_W_Bush_0087.jpg,George_W_Bush
George_W_Bush/George_W_Bush_0088.jpg,George_W_Bush
George_W_Bush/George_W_Bush_0089.jpg,George_W_Bush
George_W_Bush/George_W_Bush_0090.jpg,George_W_Bush
George_W_Bush/George_W_Bush_0091.jpg,George_W_Bush
George_W_Bush/George_W_Bush_0092.jpg,George_W_Bush
George_W_Bush/George_W_Bush_0093.jpg,George_W_Bush
George_W_Bush/George_W_Bush_0094.jpg,George_W_Bush
George_W_Bush/George_W_Bush_0095.jpg,George_W_Bush
George_W_Bush/George_W_Bush_0096.jpg,George_W_Bush
George_W_Bush/George_W_Bush_0097.jpg,George_W_Bush
George_W_Bush/George_W_Bush_0098.jpg,George_W_Bush
George_W_Bush/George_W_Bush_0099.jpg,George_W_Bush
George_W_Bush/George_W_Bush_0100.jpg,George_W_Bush
George_W_Bush/George_W_Bush_0101.jpg,George_W_Bush
George_W_Bush/George_W_Bush_0102.jpg,George_W_Bush
George_W_Bush/George_W_Bush_0103.jpg,George_W_Bush
George_W_Bush/George_W_Bush_0104.jpg,George_W_Bush
George_W_Bush/George_W_Bush_0105.jpg,George_W_Bush
George_W_Bush/George_W_Bush_0106.jpg,George_W_Bush
George_W_Bush/George_W_Bush_0107.jpg,George_W_Bush
George_W_Bush/George_W_Bush_0108.jpg,George_W_Bush
George_W_Bush/George_W_Bush_0109.jpg,George_W_Bush
George_W_Bush/George_W_Bush_0110.jpg,George_W_Bush
George_W_Bush/George_W_Bush_0111.jpg,George_W_Bush
George_W_Bush/George_W_Bush_0112.jpg,George_W_Bush
George_W_Bush/George_W_Bush_0113.jpg,George_W_Bush
George_W_Bush/George_W_Bush_0114.jpg,George_W_Bush
George_W_Bush/George_W_Bush_0115.jpg,George_W_Bush
George_W_Bush/George_W_Bush_0116.jpg,George_W_Bush
George_W_Bush/George_W_Bush_0117.jpg,George_W_Bush
George_W_Bush/George_W_Bush_0118.jpg,George_W_Bush
George_W_Bush/George_W_Bush_0119.jpg,George_W_Bush
George_W_Bush/George_W_Bush_0120.jpg,George_W_Bush
George_W_Bush/George_W_Bush_0121.jpg,George_W_Bush
George_W_Bush/George_W_Bush_0122.jpg,George_W_Bush
George_W_Bush/George_W_Bush_0123.jpg,George_W_Bush
George_W_Bush/George_W_Bush_0124.jpg,George_W_Bush
George_W_Bush/George_W_Bush_0125.jpg,George_W_Bush
George_W_Bush/George_W_Bush_0126.jpg,George_W_Bush
George_W_Bush/George_W_Bush_0127.jpg,George_W_Bush
George_W_Bush/George_W_Bush_0128.jpg,George_W_Bush
George_W_Bush/George_W_Bush_0129.jpg,George_W_Bush
George_W_Bush/George_W_Bush_0130.jpg,George_W_Bush
George_W_Bush/George_W_Bush_0131.jpg,George_W_Bush
George_W_Bush/George_W_Bush_0132.jpg,George_W_Bush
George_W_Bush/George_W_Bush_0133.jpg,George_W_Bush
George_W_Bush/George_W_Bush_0134.jpg,George_W_Bush
George_W_Bush/George_W_Bush_0135.jpg,George_W_Bush
George_W_Bush/George_W_Bush_0136.jpg,George_W_Bush
George_W_Bush/George_W_Bush_0137.jpg,George_W_Bush
George_W_Bush/George_W_Bush_0138.jpg,George_W_Bush
George_W_Bush/George_W_Bush_0139.jpg,George_W_Bush
George_W_Bush/George_W_Bush_0140.jpg,George_W_Bush
George_W_Bush/George_W_Bush_0141.jpg,George_W_Bush
George_W_Bush/George_W_Bush_0142.jpg,George_W_Bush
George_W_Bush/George_W_Bush_0143.jpg,George_W_Bush
George_W_Bush/George_W_Bush_0144.jpg,George_W_Bush
George_W_Bush/George_W_Bush_0145.jpg,George_W_Bush
George_W_Bush/George_W_Bush_0146.jpg,George_W_Bush
George_W_Bush/George_W_Bush_0147.jpg,George_W_Bush
George_W_Bush/George_W_Bush_0148.jpg,George_W_Bush
George_W_Bush/George_W_Bush_0149.jpg,George_W_Bush
George_W_Bush/George_W_Bush_0150.jpg,George_W_Bush
George_W_Bush/George_W_Bush_0151.jpg,George_W_Bush
George_W_Bush/George_W_Bush_0152.jpg,George_W_Bush
George_W_Bush/George_W_Bush_0153.jpg,George_W_Bush
George_W_Bush/George_W_Bush_0154.jpg,George_W_Bush
George_W_Bush/George_W_Bush_0155.jpg,George_W_Bush
George_W_Bush/George_W_Bush_0156.jpg,George_W_Bush
George_W_Bush/George_W_Bush_0157.jpg,George_W_Bush
George_W_Bush/George_W_Bush_0158.jpg,George_W_Bush
George_W_Bush/George_W_Bush_0159.jpg,George_W_Bush
George_W_Bush/George_W_Bush_0160.jpg,George_W_Bush
George_W_Bush/George_W_Bush_0161.jpg,George_W_Bush
George_W_Bush/George_W_Bush_0162.jpg,George_W_Bush
George_W_Bush/George_W_Bush_0163.jpg,George_W_Bush
George_W_Bush/George_W_Bush_0164.jpg,George_W_Bush
George_W_Bush/George_W_Bush_0165.jpg,George_W_Bush
George_W_Bush/George_W_Bush_0166.jpg,George_W_Bush
George_W_Bush/George_W_Bush_0167.jpg,George_W_Bush
George_W_Bush/George_W_Bush_0168.jpg,George_W_Bush
George_W_Bush/George_W_Bush_0169.jpg,George_W_Bush
George_W_Bush/George_W_Bush_0170.jpg,George_W_Bush
George_W_Bush/George_W_Bush_0171.jpg,George_W_Bush
George_W_Bush/George_W_Bush_0172.jpg,George_W_Bush
George_W_Bush/George_W_Bush_0173.jpg,George_W_Bush
George_W_Bush/George_W_Bush_0174.jpg,George_W_Bush
George_W_Bush/George_W_Bush_0175.jpg,George_W_Bush
George_W_Bush/George_W_Bush_0176.jpg,George_W_Bush
George_W_Bush/George_W_Bush_0177.jpg,George_W_Bush
George_W_Bush/George_W_Bush_0178.jpg,George_W_Bush
George_W_Bush/George_W_Bush_0179.jpg,George_W_Bush
George_W_Bush/George_W_Bush_0180.jpg,George_W_Bush
George_W_Bush/George_W_Bush_0181.jpg,George_W_Bush
George_W_Bush/George_W_Bush_0182.jpg,George_W_Bush
George_W_Bush/George_W_Bush_0183.jpg,George_W_Bush
George_W_Bush/George_W_Bush_0184.jpg,George_W_Bush
George_W_Bush/George_W_Bush_0185.jpg,George_W_Bush
George_W_Bush/George_W_Bush_0186.jpg,George_W_Bush
George_W_Bush/George_W_Bush_0187.jpg,George_W_Bush
George_W_Bush/George_W_Bush_0188.jpg,George_W_Bush
George_W_Bush/George_W_Bush_0189.jpg,George_W_Bush
George_W_Bush/George_W_Bush_0190.jpg,George_W_Bush
George_W_Bush/George_W_Bush_0191.jpg,George_W_Bush
George_W_Bush/George_W_Bush_0192.jpg,George_W_Bush
George_W_Bush/George_W_Bush_0193.jpg,George_W_Bush
George_W_Bush/George_W_Bush_0194.jpg,George_W_Bush
George_W_Bush/George_W_Bush_0195.jpg,George_W_Bush
George_W_Bush/George_W_Bush_0196.jpg,George_W_Bush
George_W_Bush/George_W_Bush_0197.jpg,George_W_Bush
George_W_Bush/George_W_Bush_0198.jpg,George_W_Bush
George_W_Bush/George_W_Bush_0199.jpg,George_W_Bush
George_W_Bush/George_W_Bush_0200.jpg,George_W_Bush
George_W_Bush/George_W_Bush_0201.jpg,George_W_Bush
George_W_Bush/George_W_Bush_0202.jpg,George_W_Bush
George_W_Bush/George_W_Bush_0203.jpg,George_W_Bush
George_W_Bush/George_W_Bush_0204.jpg,George_W_Bush
George_W_Bush/George_W_Bush_0205.jpg,George_W_Bush
George_W_Bush/George_W_Bush_0206.jpg,George_W_Bush
George_W_Bush/George_W_Bush_0207.jpg,George_W_Bush
George_W_Bush/George_W_Bush_0208.jpg,George_W_Bush
George_W_Bush/George_W_Bush_0209.jpg,George_W_Bush
George_W_Bush/George_W_Bush_0210.jpg,George_W_Bush
George_W_Bush/George_W_Bush_0211.jpg,George_W_Bush
George_W_Bush/George_W_Bush_0212.jpg,George_W_Bush
George_W_Bush/George_W_Bush_0213.jpg,George_W_Bush
George_W_Bush/George_W_Bush_0214.jpg,George_W_Bush
George_W_Bush/George_W_Bush_0215.jpg,George_W_Bush
George_W_Bush/George_W_Bush_0216.jpg,George_W_Bush
George_W_Bush/George_W_Bush_0217.jpg,George_W_Bush
George_W_Bush/George_W_Bush_0218.jpg,George_W_Bush
George_W_Bush/George_W_Bush_0219.jpg,George_W_Bush
George_W_Bush/George_W_Bush_0220.jpg,George_W_Bush
George_W_Bush/George_W_Bush_0221.jpg,George_W_Bush
George_W_Bush/George_W_Bush_0222.jpg,George_W_Bush
George_W_Bush/George_W_Bush_0223.jpg,George_W_Bush
George_W_Bush/George_W_Bush_0224.jpg,George_W_Bush
George_W_Bush/George_W_Bush_0225.jpg,George_W_Bush
George_W_Bush/George_W_Bush_0226.jpg,George_W_Bush
George_W_Bush/George_W_Bush_0227.jpg,George_W_Bush
George_W_Bush/George_W_Bush_0228.jpg,George_W_Bush
George_W_Bush/George_W_Bush_0229.jpg,George_W_Bush
George_W_Bush/George_W_Bush_0230.jpg,George_W_Bush
George_W_Bush/George_W_Bush_0231.jpg,George_W_Bush
George_W_Bush/George_W_Bush_0232.jpg,George_W_Bush
George_W_Bush/George_W_Bush_0233.jpg,George_W_Bush
George_W_Bush/George_W_Bush_0234.jpg,George_W_Bush
George_W_Bush/George_W_Bush_0235.jpg,George_W_Bush
George_W_Bush/George_W_Bush_0236.jpg,George_W_Bush
George_W_Bush/George_W_Bush_0237.jpg,George_W_Bush
George_W_Bush/George_W_Bush_0238.jpg,George_W_Bush
George_W_Bush/George_W_Bush_0239.jpg,George_W_Bush
George_W_Bush/George_W_Bush_0240.jpg,George_W_Bush
George_W_Bush/George_W_Bush_0241.jpg,George_W_Bush
George_W_Bush/George_W_Bush_0242.jpg,George_W_Bush
George_W_Bush/George_W_Bush_0243.jpg,George_W_Bush
George_W_Bush/George_W_Bush_0244.jpg,George_W_Bush
George_W_Bush/George_W_Bush_0245.jpg,George_W_Bush
George_W_Bush/George_W_Bush_0246.jpg,George_W_Bush
George_W_Bush/George_W_Bush_0247.jpg,George_W_Bush
George_W_Bush/George_W_Bush_0248.jpg,George_W_Bush
George_W_Bush/George_W_Bush_0249.jpg,George_W_Bush
George_W_Bush/George_W_Bush_0250.jpg,George_W_Bush
George_W_Bush/George_W_Bush_0251.jpg,George_W_Bush
George_W_Bush/George_W_Bush_0252.jpg,George_W_Bush
George_W_Bush/George_W_Bush_0253.jpg,George_W_Bush
George_W_Bush/George_W_Bush_0254.jpg,George_W_Bush
George_W_Bush/George_W_Bush_0255.jpg,George_W_Bush
George_W_Bush/George_W_Bush_0256.jpg,George_W_Bush
George_W_Bush/George_W_Bush_0257.jpg,George_W_Bush
George_W_Bush/George_W_Bush_0258.jpg,George_W_Bush
George_W_Bush/George_W_Bush_0259.jpg,George_W_Bush
George_W_Bush/George_W_Bush_0260.jpg,George_W_Bush
George_W_Bush/George_W_Bush_0261.jpg,George_W_Bush
George_W_Bush/George_W_Bush_0262.jpg,George_W_Bush
George_W_Bush/George_W_Bush_0263.jpg,George_W_Bush
George_W_Bush/George_W_Bush_0264.jpg,George_W_Bush
George_W_Bush/George_W_Bush_0265.jpg,George_W_Bush
George_W_Bush/George_W_Bush_0266.jpg,George_W_Bush
George_W_Bush/George_W_Bush_0267.jpg,George_W_Bush
George_W_Bush/George_W_Bush_0268.jpg,George_W_Bush
George_W_Bush/George_W_Bush_0269.jpg,George_W_Bush
George_W_Bush/George_W_Bush_0270.jpg,George_W_Bush
George_W_Bush/George_W_Bush_0271.jpg,George_W_Bush
George_W_Bush/George_W_Bush_0272.jpg,George_W_Bush
George_W_Bush/George_W_Bush_0273.jpg,George_W_Bush
George_W_Bush/George_W_Bush_0274.jpg,George_W_Bush
George_W_Bush/George_W_Bush_0275.jpg,George_W_Bush
George_W_Bush/George_W_Bush_0276.jpg,George_W_Bush
George_W_Bush/George_W_Bush_0277.jpg,George_W_Bush
George_W_Bush/George_W_Bush_0278.jpg,George_W_Bush
George_W_Bush/George_W_Bush_0279.jpg,George_W_Bush
George_W_Bush/George_W_Bush_0280.jpg,George_W_Bush
George_W_Bush/George_W_Bush_0281.jpg,George_W_Bush
George_W_Bush/George_W_Bush_0282.jpg,George_W_Bush
George_W_Bush/George_W_Bush_0283.jpg,George_W_Bush
George_W_Bush/George_W_Bush_0284.jpg,George_W_Bush
George_W_Bush/George_W_Bush_0285.jpg,George_W_Bush
George_W_Bush/George_W_Bush_0286.jpg,George_W_Bush
George_W_Bush/George_W_Bush_0287.jpg,George_W_Bush
George_W_Bush/George_W_Bush_0288.jpg,George_W_Bush
George_W_Bush/George_W_Bush_0289.jpg,George_W_Bush
George_W_Bush/George_W_Bush_0290.jpg,George_W_Bush
George_W_Bush/George_W_Bush_0291.jpg,George_W_Bush
George_W_Bush/George_W_Bush_0292.jpg,George_W_Bush
George_W_Bush/George_W_Bush_0293.jpg,George_W_Bush
George_W_Bush/George_W_Bush_0294.jpg,George_W_Bush
George_W_Bush/George_W_Bush_0295.jpg,George_W_Bush
George_W_Bush/George_W_Bush_0296.jpg,George_W_Bush
George_W_Bush/George_W_Bush_0297.jpg,George_W_Bush
George_W_Bush/George_W_Bush_0298.jpg,George_W_Bush
George_W_Bush/George_W_Bush_0299.jpg,George_W_Bush
George_W_Bush/George_W_Bush_0300.jpg,George_W_Bush
George_W_Bush/George_W_Bush_0301.jpg,George_W_Bush
George_W_Bush/George_W_Bush_0302.jpg,George_W_Bush
George_W_Bush/George_W_Bush_0303.jpg,George_W_Bush
George_W_Bush/George_W_Bush_0304.jpg,George_W_Bush
George_W_Bush/George_W_Bush_0305.jpg,George_W_Bush
George_W_Bush/George_W_Bush_0306.jpg,George_W_Bush
George_W_Bush/George_W_Bush_0307.jpg,George_W_Bush
George_W_Bush/George_W_Bush_0308.jpg,George_W_Bush
George_W_Bush/George_W_Bush_0309.jpg,George_W_Bush
George_W_Bush/George_W_Bush_0310.jpg,George_W_Bush
George_W_Bush/George_W_Bush_0311.jpg,George_W_Bush
George_W_Bush/George_W_Bush_0312.jpg,George_W_Bush
George_W_Bush/George_W_Bush_0313.jpg,George_W_Bush
George_W_Bush/George_W_Bush_0314.jpg,George_W_Bush
George_W_Bush/George_W_Bush_0315.jpg,George_W_Bush
George_W_Bush/George_W_Bush_0316.jpg,George_W_Bush
George_W_Bush/George_W_Bush_0317.jpg,George_W_Bush
George_W_Bush/George_W_Bush_0318.jpg,George_W_Bush
George_W_Bush/George_W_Bush_0319.jpg,George_W_Bush
George_W_Bush/George_W_Bush_0320.jpg,George_W_Bush
George_W_Bush/George_W_Bush_0321.jpg,George_W_Bush
George_W_Bush/George_W_Bush_0322.jpg,George_W_Bush
George_W_Bush/George_W_Bush_0323.jpg,George_W_Bush
George_W_Bush/George_W_Bush_0324.jpg,George_W_Bush
George_W_Bush/George_W_Bush_0325.jpg,George_W_Bush
George_W_Bush/George_W_Bush_0326.jpg,George_W_Bush
George_W_Bush/George_W_Bush_0327.jpg,George_W_Bush
George_W_Bush/George_W_Bush_0328.jpg,George_W_Bush
George_W_Bush/George_W_Bush_0329.jpg,George_W_Bush
George_W_Bush/George_W_Bush_0330.jpg,George_W_Bush
George_W_Bush/George_W_Bush_0331.jpg,George_W_Bush
George_W_Bush/George_W_Bush_0332.jpg,George_W_Bush
George_W_Bush/George_W_Bush_0333.jpg,George_W_Bush
George_W_Bush/George_W_Bush_0334.jpg,George_W_Bush
George_W_Bush/George_W_Bush_0335.jpg,George_W_Bush
George_W_Bush/George_W_Bush_0336.jpg,George_W_Bush
George_W_Bush/George_W_Bush_0337.jpg,George_W_Bush
George_W_Bush/George_W_Bush_0338.jpg,George_W_Bush
George_W_Bush/George_W_Bush_0339.jpg,George_W_Bush
George_W_Bush/George_W_Bush_0340.jpg,George_W_Bush
George_W_Bush/George_W_Bush_0341.jpg,George_W_Bush
George_W_Bush/George_W_Bush_0342.jpg,George_W_Bush
George_W_Bush/George_W_Bush_0343.jpg,George_W_Bush
George_W_Bush/George_W_Bush_0344.jpg,George_W_Bush
George_W_Bush/George_W_Bush_0345.jpg,George_W_Bush
George_W_Bush/George_W_Bush_0346.jpg,George_W_Bush
George_W_Bush/George_W_Bush_0347.jpg,George_W_Bush
George_W_Bush/George_W_Bush_0348.jpg,George_W_Bush
George_W_Bush/George_W_Bush_0349.jpg,George_W_Bush
George_W_Bush/George_W_Bush_0350.jpg,George_W_Bush
George_W_Bush/George_W_Bush_0351.jpg,George_W_Bush
George_W_Bush/George_W_Bush_0352.jpg,George_W_Bush
George_W_Bush/George_W_Bush_0353.jpg,George_W_Bush
George_W_Bush/George_W_Bush_0354.jpg,George_W_Bush
George_W_Bush/George_W_Bush_0355.jpg,George_W_Bush
George_W_Bush/George_W_Bush_0356.jpg,George_W_Bush
George_W_Bush/George_W_Bush_0357.jpg,George_W_Bush
George_W_Bush/George_W_Bush_0358.jpg,George_W_Bush
George_W_Bush/George_W_Bush_0359.jpg,George_W_Bush
George_W_Bush/George_W_Bush_0360.jpg,George_W_Bush
George_W_Bush/George_W_Bush_0361.jpg,George_W_Bush
George_W_Bush/George_W_Bush_0362.jpg,George_W_Bush
George_W_Bush/George_W_Bush_0363.jpg,George_W_Bush
George_W_Bush/George_W_Bush_0364.jpg,George_W_Bush
George_W_Bush/George_W_Bush_0365.jpg,George_W_Bush
George_W_Bush/George_W_Bush_0366.jpg,George_W_Bush
George_W_Bush/George_W_Bush_0367.jpg,George_W_Bush
George_W_Bush/George_W_Bush_0368.jpg,George_W_Bush
George_W_Bush/George_W_Bush_0369.jpg,George_W_Bush
George_W_Bush/George_W_Bush_0370.jpg,George_W_Bush
George_W_Bush/George_W_Bush_0371.jpg,George_W_Bush
George_W_Bush/George_W_Bush_0372.jpg,George_W_Bush
George_W_Bush/George_W_Bush_0373.jpg,George_W_Bush
George_W_Bush/George_W_Bush_0374.jpg,George_W_Bush
George_W_Bush/George_W_Bush_0375.jpg,George_W_Bush
George_W_Bush/George_W_Bush_0376.jpg,George_W_Bush
George_W_Bush/George_W_Bush_0377.jpg,George_W_Bush
George_W_Bush/George_W_Bush_0378.jpg,George_W_Bush
George_W_Bush/George_W_Bush_0379.jpg,George_W_Bush
George_W_Bush/George_W_Bush_0380.jpg,George_W_Bush
George_W_Bush/George_W_Bush_0381.jpg,George_W_Bush
George_W_Bush/George_W_Bush_0382.jpg,George_W_Bush
George_W_Bush/George_W_Bush_0383.jpg,George_W_Bush
George_W_Bush/George_W_Bush_0384.jpg,George_W_Bush
George_W_Bush/George_W_Bush_0385.jpg,George_W_Bush
George_W_Bush/George_W_Bush_0386.jpg,George_W_Bush
George_W_Bush/George_W_Bush_0387.jpg,George_W_Bush
George_W_Bush/George_W_Bush_0388.jpg,George_W_Bush
George_W_Bush/George_W_Bush_0389.jpg,George_W_Bush
George_W_Bush/George_W_Bush_0390.jpg,George_W_Bush
George_W_Bush/George_W_Bush_0391.jpg,George_W_Bush
George_W_Bush/George_W_Bush_0392.jpg,George_W_Bush
George_W_Bush/George_W_Bush_0393.jpg,George_W_Bush
George_W_Bush/George_W_Bush_0394.jpg,George_W_Bush
George_W_Bush/George_W_Bush_0395.jpg,George_W_Bush
George_W_Bush/George_W_Bush_0396.jpg,George_W_Bush
George_W_Bush/George_W_Bush_0397.jpg,George_W_Bush
George_W_Bush/George_W_Bush_0398.jpg,George_W_Bush
George_W_Bush/George_W_Bush_0399.jpg,George_W_Bush
George_W_Bush/George_W_Bush_0400.jpg,George_W_Bush
George_W_Bush/George_W_Bush_0401.jpg,George_W_Bush
George_W_Bush/George_W_Bush_0402.jpg,George_W_Bush
George_W_Bush/George_W_Bush_0403.jpg,George_W_Bush
George_W_Bush/George_W_Bush_0404.jpg,George_W_Bush
George_W_Bush/George_W_Bush_0405.jpg,George_W_Bush
George_W_Bush/George_W_Bush_0406.jpg,George_W_Bush
George_W_Bush/George_W_Bush_0407.jpg,George_W_Bush
George_W_Bush/George_W_Bush_0408.jpg,George_W_Bush
George_W_Bush/George_W_Bush_0409.jpg,George_W_Bush
George_W_Bush/George_W_Bush_0410.jpg,George_W_Bush
George_W_Bush/George_W_Bush_0411.jpg,George_W_Bush
George_W_Bush/George_W_Bush_0412.jpg,George_W_Bush
George_W_Bush/George_W_Bush_0413.jpg,George_W_Bush
George_W_Bush/George_W_Bush_0414.jpg,George_W_Bush
George_W_Bush/George_W_Bush_0415.jpg,George_W_Bush
George_W_Bush/George_W_Bush_0416.jpg,George_W_Bush
George_W_Bush/George_W_Bush_0417.jpg,George_W_Bush
George_W_Bush/George_W_Bush_0418.jpg,George_W_Bush
George_W_Bush/George_W_Bush_0419.jpg,George_W_Bush
George_W_Bush/George_W_Bush_0420.jpg,George_W_Bush
George_W_Bush/George_W_Bush_0421.jpg,George_W_Bush
George_W_Bush/George_W_Bush_0422.jpg,George_W_Bush
George_W_Bush/George_W_Bush_0423.jpg,George_W_Bush
George_W_Bush/George_W_Bush_0424.jpg,George_W_Bush
George_W_Bush/George_W_Bush_0425.jpg,George_W_Bush
George_W_Bush/George_W_Bush_0426.jpg,George_W_Bush
George_W_Bush/George_W_Bush_0427.jpg,George_W_Bush
George_W_Bush/George_W_Bush_0428.jpg,George_W_Bush
George_W_Bush/George_W_Bush_0429.jpg,George_W_Bush
George_W_Bush/George_W_Bush_0430.jpg,George_W_Bush
George_W_Bush/George_W_Bush_0431.jpg,George_W_Bush
George_W_Bush/George_W_Bush_0432.jpg,George_W_Bush
George_W_Bush/George_W_Bush_0433.jpg,George_W_Bush
George_W_Bush/George_W_Bush_0434.jpg,George_W_Bush
George_W_Bush/George_W_Bush_0435.jpg,George_W_Bush
George_W_Bush/George_W_Bush_0436.jpg,George_W_Bush
George_W_Bush/George_W_Bush_0437.jpg,George_W_Bush
George_W_Bush/George_W_Bush_0438.jpg,George_W_Bush
George_W_Bush/George_W_Bush_0439.jpg,George_W_Bush
George_W_Bush/George_W_Bush_0440.jpg,George_W_Bush
George_W_Bush/George_W_Bush_0441.jpg,George_W_Bush
George_W_Bush/George_W_Bush_0442.jpg,George_W_Bush
George_W_Bush/George_W_Bush_0443.jpg,George_W_Bush
George_W_Bush/George_W_Bush_0444.jpg,George_W_Bush
George_W_Bush/George_W_Bush_0445.jpg,George_W_Bush
George_W_Bush/George_W_Bush_0446.jpg,George_W_Bush
George_W_Bush/George_W_Bush_0447.jpg,George_W_Bush
George_W_Bush/George_W_Bush_0448.jpg,George_W_Bush
George_W_Bush/George_W_Bush_0449.jpg,George_W_Bush
George_W_Bush/George_W_Bush_0450.jpg,George_W_Bush
George_W_Bush/George_W_Bush_0451.jpg,George_W_Bush
George_W_Bush/George_W_Bush_0452.jpg,George_W_Bush
George_W_Bush/George_W_Bush_0453.jpg,George_W_Bush
George_W_Bush/George_W_Bush_0454.jpg,George_W_Bush
George_W_Bush/George_W_Bush_0455.jpg,George_W_Bush
George_W_Bush/George_W_Bush_0456.jpg,George_W_Bush
George_W_Bush/George_W_Bush_0457.jpg,George_W_Bush
George_W_Bush/George_W_Bush_0458.jpg,George_W_Bush
George_W_Bush/George_W_Bush_0459.jpg,George_W_Bush
George_W_Bush/George_W_Bush_0460.jpg,George_W_Bush
George_W_Bush/George_W_Bush_0461.jpg,George_W_Bush
George_W_Bush/George_W_Bush_0462.jpg,George_W_Bush
George_W_Bush/George_W_Bush_0463.jpg,George_W_Bush
George_W_Bush/George_W_Bush_0464.jpg,George_W_Bush
George_W_Bush/George_W_Bush_0465.jpg,George_W_Bush
George_W_Bush/George_W_Bush_0466.jpg,George_W_Bush
George_W_Bush/George_W_Bush_0467.jpg,George_W_Bush
George_W_Bush/George_W_Bush_0468.jpg,George_W_Bush
George_W_Bush/George_W_Bush_0469.jpg,George_W_Bush
George_W_Bush/George_W_Bush_0470.jpg,George_W_Bush
George_W_Bush/George_W_Bush_0471.jpg,George_W_Bush
George_W_Bush/George_W_Bush_0472.jpg,George_W_Bush
George_W_Bush/George_W_Bush_0473.jpg,George_W_Bush
George_W_Bush/George_W_Bush_0474.jpg,George_W_Bush
George_W_Bush/George_W_Bush_0475.jpg,George_W_Bush
George_W_Bush/George_W_Bush_0476.jpg,George_W_Bush
George_W_Bush/George_W_Bush_0477.jpg,George_W_Bush
George_W_Bush/George_W_Bush_0478.jpg,George_W_Bush
George_W_Bush/George_W_Bush_0479.jpg,George_W_Bush
George_W_Bush/George_W_Bush_0480.jpg,George_W_Bush
George_W_Bush/George_W_Bush_0481.jpg,George_W_Bush
George_W_Bush/George_W_Bush_0482.jpg,George_W_Bush
George_W_Bush/George_W_Bush_0483.jpg,George_W_Bush
George_W_Bush/George_W_Bush_0484.jpg,George_W_Bush
George_W_Bush/George_W_Bush_0485.jpg,George_W_Bush
George_W_Bush/George_W_Bush_0486.jpg,George_W_Bush
George_W_Bush/George_W_Bush_0487.jpg,George_W_Bush
George_W_Bush/George_W_Bush_0488.jpg,George_W_Bush
George_W_Bush/George_W_Bush_0489.jpg,George_W_Bush
George_W_Bush/George_W_Bush_0490.jpg,George_W_Bush
George_W_Bush/George_W_Bush_0491.jpg,George_W_Bush
George_W_Bush/George_W_Bush_0492.jpg,George_W_Bush
George_W_Bush/George_W_Bush_0493.jpg,George_W_Bush
George_W_Bush/George_W_Bush_0494.jpg,George_W_Bush
George_W_Bush/George_W_Bush_0495.jpg,George_W_Bush
George_W_Bush/George_W_Bush_0496.jpg,George_W_Bush
George_W_Bush/George_W_Bush_0497.jpg,George_W_Bush
George_W_Bush/George_W_Bush_0498.jpg,George_W_Bush
George_W_Bush/George_W_Bush_0499.jpg,George_W_Bush
George_W_Bush/George_W_Bush_0500.jpg,George_W_Bush
George_W_Bush/George_W_Bush_0501.jpg,George_W_Bush
George_W_Bush/George_W_Bush_0502.jpg,George_W_Bush
George_W_Bush/George_W_Bush_0503.jpg,George_W_Bush
George_W_Bush/George_W_Bush_0504.jpg,George_W_Bush
George_W_Bush/George_W_Bush_0505.jpg,George_W_Bush
George_W_Bush/George_W_Bush_0506.jpg,George_W_Bush
George_W_Bush/George_W_Bush_0507.jpg,George_W_Bush
George_W_Bush/George_W_Bush_0508.jpg,George_W_Bush
George_W_Bush/George_W_Bush_0509.jpg,George_W_Bush
George_W_Bush/George_W_Bush_0510.jpg,George_W_Bush
George_W_Bush/George_W_Bush_0511.jpg,George_W_Bush
George_W_Bush/George_W_Bush_0512.jpg,George_W_Bush
George_W_Bush/George_W_Bush_0513.jpg,George_W_Bush
George_W_Bush/George_W_Bush_0514.jpg,George_W_Bush
George_W_Bush/George_W_Bush_0515.jpg,George_W_Bush
George_W_Bush/George_W_Bush_0516.jpg,George_W_Bush
George_W_Bush/George_W_Bush_0517.jpg,George_W_Bush
George_W_Bush/George_W_Bush_0518.jpg,George_W_Bush
George_W_Bush/George_W_Bush_0519.jpg,George_W_Bush
George_W_Bush/George_W_Bush_0520.jpg,George_W_Bush
George_W_Bush/George_W_Bush_0521.jpg,George_W_Bush
George_W_Bush/George_W_Bush_0522.jpg,George_W_Bush
George_W_Bush/George_W_Bush_0523.jpg,George_W_Bush
George_W_Bush/George_W_Bush_0524.jpg,George_W_Bush
George_W_Bush/George_W_Bush_0525.jpg,George_W_Bush
George_W_Bush/George_W_Bush_0526.jpg,George_W_Bush
George_W_Bush/George_W_Bush_0527.jpg,George_W_Bush
George_W_Bush/George_W_Bush_0528.jpg,George_W_Bush
George_W_Bush/George_W_Bush_0529.jpg,George_W_Bush
George_W_Bush/George_W_Bush_0530.jpg,George_W_Bush
Gerhard_Schroeder/Gerhard_Schroeder_0001.jpg,Gerhard_Schroeder
Gerhard_Schroeder/Gerhard_Schroeder_0002.jpg,Gerhard_Schroeder
Gerhard_Schroeder/Gerhard_Schroeder_0003.jpg,Gerhard_Schroeder
Gerhard_Schroeder/Gerhard_Schroeder_0004.jpg,Gerhard_Schroeder
Gerhard_Schroeder/Gerhard_Schroeder_0005.jpg,Gerhard_Schroeder
Gerhard_Schroeder/Gerhard_Schroeder_0006.jpg,Gerhard_Schroeder
Gerhard_Schroeder/Gerhard_Schroeder_0007.jpg,Gerhard_Schroeder
Gerhard_Schroeder/Gerhard_Schroeder_0008.jpg,Gerhard_Schroeder
Gerhard_Schroeder/Gerhard_Schroeder_0009.jpg,Gerhard_Schroeder
Gerhard_Schroeder/Gerhard_Schroeder_0010.jpg,Gerhard_Schroeder
Gerhard_Schroeder/Gerhard_Schroeder_0011.jpg,Gerhard_Schroeder
Gerhard_Schroeder/Gerhard_Schroeder_0012.jpg,Gerhard_Schroeder
Gerhard_Schroeder/Gerhard_Schroeder_0013.jpg,Gerhard_Schroeder
Gerhard_Schroeder/Gerhard_Schroeder_0014.jpg,Gerhard_Schroeder
Gerhard_Schroeder/Gerhard_Schroeder_0015.jpg,Gerhard_Schroeder
Gerhard_Schroeder/Gerhard_Schroeder_0016.jpg,Gerhard_Schroeder
Gerhard_Schroeder/Gerhard_Schroeder_0017.jpg,Gerhard_Schroeder
Gerhard_Schroeder/Gerhard_Schroeder_0018.jpg,Gerhard_Schroeder
Gerhard_Schroeder/Gerhard_Schroeder_0019.jpg,Gerhard_Schroeder
Gerhard_Schroeder/Gerhard_Schroeder_0020.jpg,Gerhard_Schroeder
Gerhard_Schroeder/Gerhard_Schroeder_0021.jpg,Gerhard_Schroeder
Gerhard_Schroeder/Gerhard_Schroeder_0022.jpg,Gerhard_Schroeder
Gerhard_Schroeder/Gerhard_Schroeder_0023.jpg,Gerhard_Schroeder
Gerhard_Schroeder/Gerhard_Schroeder_0024.jpg,Gerhard_Schroeder
Gerhard_Schroeder/Gerhard_Schroeder_0025.jpg,Gerhard_Schroeder
Gerhard_Schroeder/Gerhard_Schroeder_0026.jpg,Gerhard_Schroeder
Gerhard_Schroeder/Gerhard_Schroeder_0027.jpg,Gerhard_Schroeder
Gerhard_Schroeder/Gerhard_Schroeder_0028.jpg,Gerhard_Schroeder
Gerhard_Schroeder/Gerhard_Schroeder_0029.jpg,Gerhard_Schroeder
Gerhard_Schroeder/Gerhard_Schroeder_0030.jpg,Gerhard_Schroeder
Gerhard_Schroeder/Gerhard_Schroeder_0031.jpg,Gerhard_Schroeder
Gerhard_Schroeder/Gerhard_Schroeder_0032.jpg,Gerhard_Schroeder
Gerhard_Schroeder/Gerhard_Schroeder_0033.jpg,Gerhard_Schroeder
Gerhard_Schroeder/Gerhard_Schroeder_0034.jpg,Gerhard_Schroeder
Gerhard_Schroeder/Gerhard_Schroeder_0035.jpg,Gerhard_Schroeder
Gerhard_Schroeder/Gerhard_Schroeder_0036.jpg,Gerhard_Schroeder
Gerhard_Schroeder/Gerhard_Schroeder_0037.jpg,Gerhard_Schroeder
Gerhard_Schroeder/Gerhard_Schroeder_0038.jpg,Gerhard_Schroeder
Gerhard_Schroeder/Gerhard_Schroeder_0039.jpg,Gerhard_Schroeder
Gerhard_Schroeder/Gerhard_Schroeder_0040.jpg,Gerhard_Schroeder
Gerhard_Schroeder/Gerhard_Schroeder_0041.jpg,Gerhard_Schroeder
Gerhard_Schroeder/Gerhard_Schroeder_0042.jpg,Gerhard_Schroeder
Gerhard_Schroeder/Gerhard_Schroeder_0043.jpg,Gerhard_Schroeder
Gerhard_Schroeder/Gerhard_Schroeder_0044.jpg,Gerhard_Schroeder
Gerhard_Schroeder/Gerhard_Schroeder_0045.jpg,Gerhard_Schroeder
Gerhard_Schroeder/Gerhard_Schroeder_0046.jpg,Gerhard_Schroeder
Gerhard_Schroeder/Gerhard_Schroeder_0047.jpg,Gerhard_Schroeder
Gerhard_Schroeder/Gerhard_Schroeder_0048.jpg,Gerhard_Schroeder
Gerhard_Schroeder/Gerhard_Schroeder_0049.jpg,Gerhard_Schroeder
Gerhard_Schroeder/Gerhard_Schroeder_0050.jpg,Gerhard_Schroeder
Gerhard_Schroeder/Gerhard_Schroeder_0051.jpg,Gerhard_Schroeder
Gerhard_Schroeder/Gerhard_Schroeder_0052.jpg,Gerhard_Schroeder
Gerhard_Schroeder/Gerhard_Schroeder_0053.jpg,Gerhard_Schroeder
Gerhard_Schroeder/Gerhard_Schroeder_0054.jpg,Gerhard_Schroeder
Gerhard_Schroeder/Gerhard_Schroeder_0055.jpg,Gerhard_Schroeder
Gerhard_Schroeder/Gerhard_Schroeder_0056.jpg,Gerhard_Schroeder
Gerhard_Schroeder/Gerhard_Schroeder_0057.jpg,Gerhard_Schroeder
Gerhard_Schroeder/Gerhard_Schroeder_0058.jpg,Gerhard_Schroeder
Gerhard_Schroeder/Gerhard_Schroeder_0059.jpg,Gerhard_Schroeder
Gerhard_Schroeder/Gerhard_Schroeder_0060.jpg,Gerhard_Schroeder
Gerhard_Schroeder/Gerhard_Schroeder_0061.jpg,Gerhard_Schroeder
Gerhard_Schroeder/Gerhard_Schroeder_0062.jpg,Gerhard_Schroeder
Gerhard_Schroeder/Gerhard_Schroeder_0063.jpg,Gerhard_Schroeder
Gerhard_Schroeder/Gerhard_Schroeder_0064.jpg,Gerhard_Schroeder
Gerhard_Schroeder/Gerhard_Schroeder_0065.jpg,Gerhard_Schroeder
Gerhard_Schroeder/Gerhard_Schroeder_0066.jpg,Gerhard_Schroeder
Gerhard_Schroeder/Gerhard_Schroeder_0067.jpg,Gerhard_Schroeder
Gerhard_Schroeder/Gerhard_Schroeder_0068.jpg,Gerhard_Schroeder
Gerhard_Schroeder/Gerhard_Schroeder_0069.jpg,Gerhard_Schroeder
Gerhard_Schroeder/Gerhard_Schroeder_0070.jpg,Gerhard_Schroeder
Gerhard_Schroeder/Gerhard_Schroeder_0071.jpg,Gerhard_Schroeder
Gerhard_Schroeder/Gerhard_Schroeder_0072.jpg,Gerhard_Schroeder
Gerhard_Schroeder/Gerhard_Schroeder_0073.jpg,Gerhard_Schroeder
Gerhard_Schroeder/Gerhard_Schroeder_0074.jpg,Gerhard_Schroeder
Gerhard_Schroeder/Gerhard_Schroeder_0075.jpg,Gerhard_Schroeder
Gerhard_Schroeder/Gerhard_Schroeder_0076.jpg,Gerhard_Schroeder
Gerhard_Schroeder/Gerhard_Schroeder_0077.jpg,Gerhard_Schroeder
Gerhard_Schroeder/Gerhard_Schroeder_0078.jpg,Gerhard_Schroeder
Gerhard_Schroeder/Gerhard_Schroeder_0079.jpg,Gerhard_Schroeder
Gerhard_Schroeder/Gerhard_Schroeder_0080.jpg,Gerhard_Schroeder
Gerhard_Schroeder/Gerhard_Schroeder_0081.jpg,Gerhard_Schroeder
Gerhard_Schroeder/Gerhard_Schroeder_0082.jpg,Gerhard_Schroeder
Gerhard_Schroeder/Gerhard_Schroeder_0083.jpg,Gerhard_Schroeder
Gerhard_Schroeder/Gerhard_Schroeder_0084.jpg,Gerhard_Schroeder
Gerhard_Schroeder/Gerhard_Schroeder_0085.jpg,Gerhard_Schroeder
Gerhard_Schroeder/Gerhard_Schroeder_0086.jpg,Gerhard_Schroeder
Gerhard_Schroeder/Gerhard_Schroeder_0087.jpg,Gerhard_Schroeder
Gerhard_Schroeder/Gerhard_Schroeder_0088.jpg,Gerhard_Schroeder
Gerhard_Schroeder/Gerhard_Schroeder_0089.jpg,Gerhard_Schroeder
Gerhard_Schroeder/Gerhard_Schroeder_0090.jpg,Gerhard_Schroeder
Gerhard_Schroeder/Gerhard_Schroeder_0091.jpg,Gerhard_Schroeder
Gerhard_Schroeder/Gerhard_Schroeder_0092.jpg,Gerhard_Schroeder
Gerhard_Schroeder/Gerhard_Schroeder_0093.jpg,Gerhard_Schroeder
Gerhard_Schroeder/Gerhard_Schroeder_0094.jpg,Gerhard_Schroeder
Gerhard_Schroeder/Gerhard_Schroeder_0095.jpg,Gerhard_Schroeder
Gerhard_Schroeder/Gerhard_Schroeder_0096.jpg,Gerhard_Schroeder
Gerhard_Schroeder/Gerhard_Schroeder_0097.jpg,Gerhard_Schroeder
Gerhard_Schroeder/Gerhard_Schroeder_0098.jpg,Gerhard_Schroeder
Gerhard_Schroeder/Gerhard_Schroeder_0099.jpg,Gerhard_Schroeder
Gerhard_Schroeder/Gerhard_Schroeder_0100.jpg,Gerhard_Schroeder
Gerhard_Schroeder/Gerhard_Schroeder_0101.jpg,Gerhard_Schroeder
Gerhard_Schroeder/Gerhard_Schroeder_0102.jpg,Gerhard_Schroeder
Gerhard_Schroeder/Gerhard_Schroeder_0103.jpg,Gerhard_Schroeder
Gerhard_Schroeder/Gerhard_Schroeder_0104.jpg,Gerhard_Schroeder
Gerhard_Schroeder/Gerhard_Schroeder_0105.jpg,Gerhard_Schroeder
Gerhard_Schroeder/Gerhard_Schroeder_0106.jpg,Gerhard_Schroeder
Gerhard_Schroeder/Gerhard_Schroeder_0107.jpg,Gerhard_Schroeder
Gerhard_Schroeder/Gerhard_Schroeder_0108.jpg,Gerhard_Schroeder
Gerhard_Schroeder/Gerhard_Schroeder_0109.jpg,Gerhard_Schroeder
Gloria_Macapagal_Arroyo/Gloria_Macapagal_Arroyo_0001.jpg,Gloria_Macapagal_Arroyo
Gloria_Macapagal_Arroyo/Gloria_Macapagal_Arroyo_0002.jpg,Gloria_Macapagal_Arroyo
Gloria_Macapagal_Arroyo/Gloria_Macapagal_Arroyo_0003.jpg,Gloria_Macapagal_Arroyo
Gloria_Macapagal_Arroyo/Gloria_Macapagal_Arroyo_0004.jpg,Gloria_Macapagal_Arroyo
Gloria_Macapagal_Arroyo/Gloria_Macapagal_Arroyo_0005.jpg,Gloria_Macapagal_Arroyo
Gloria_Macapagal_Arroyo/Gloria_Macapagal_Arroyo_0006.jpg,Gloria_Macapagal_Arroyo
Gloria_Macapagal_Arroyo/Gloria_Macapagal_Arroyo_0007.jpg,Gloria_Macapagal_Arroyo
Gloria_Macapagal_Arroyo/Gloria_Macapagal_Arroyo_0008.jpg,Gloria_Macapagal_Arroyo
Gloria_Macapagal_Arroyo/Gloria_Macapagal_Arroyo_0009.jpg,Gloria_Macapagal_Arroyo
Gloria_Macapagal_Arroyo/Gloria_Macapagal_Arroyo_0010.jpg,Gloria_Macapagal_Arroyo
Gloria_Macapagal_Arroyo/Gloria_Macapagal_Arroyo_0011.jpg,Gloria_Macapagal_Arroyo
Gloria_Macapagal_Arroyo/Gloria_Macapagal_Arroyo_0012.jpg,Gloria_Macapagal_Arroyo
Gloria_Macapagal_Arroyo/Gloria_Macapagal_Arroyo_0013.jpg,Gloria_Macapagal_Arroyo
Gloria_Macapagal_Arroyo/Gloria_Macapagal_Arroyo_0014.jpg,Gloria_Macapagal_Arroyo
Gloria_Macapagal_Arroyo/Gloria_Macapagal_Arroyo_0015.jpg,Gloria_Macapagal_Arroyo
Gloria_Macapagal_Arroyo/Gloria_Macapagal_Arroyo_0016.jpg,Gloria_Macapagal_Arroyo
Gloria_Macapagal_Arroyo/Gloria_Macapagal_Arroyo_0017.jpg,Gloria_Macapagal_Arroyo
Gloria_Macapagal_Arroyo/Gloria_Macapagal_Arroyo_0018.jpg,Gloria_Macapagal_Arroyo
Gloria_Macapagal_Arroyo/Gloria_Macapagal_Arroyo_0019.jpg,Gloria_Macapagal_Arroyo
Gloria_Macapagal_Arroyo/Gloria_Macapagal_Arroyo_0020.jpg,Gloria_Macapagal_Arroyo
Gloria_Macapagal_Arroyo/Gloria_Macapagal_Arroyo_0021.jpg,Gloria_Macapagal_Arroyo
Gloria_Macapagal_Arroyo/Gloria_Macapagal_Arroyo_0022.jpg,Gloria_Macapagal_Arroyo
Gloria_Macapagal_Arroyo/Gloria_Macapagal_Arroyo_0023.jpg,Gloria_Macapagal_Arroyo
Gloria_Macapagal_Arroyo/Gloria_Macapagal_Arroyo_0024.jpg,Gloria_Macapagal_Arroyo
Gloria_Macapagal_Arroyo/Gloria_Macapagal_Arroyo_0025.jpg,Gloria_Macapagal_Arroyo
Gloria_Macapagal_Arroyo/Gloria_Macapagal_Arroyo_0026.jpg,Gloria_Macapagal_Arroyo
Gloria_Macapagal_Arroyo/Gloria_Macapagal_Arroyo_0027.jpg,Gloria_Macapagal_Arroyo
Gloria_Macapagal_Arroyo/Gloria_Macapagal_Arroyo_0028.jpg,Gloria_Macapagal_Arroyo
Gloria_Macapagal_Arroyo/Gloria_Macapagal_Arroyo_0029.jpg,Gloria_Macapagal_Arroyo
Gloria_Macapagal_Arroyo/Gloria_Macapagal_Arroyo_0030.jpg,Gloria_Macapagal_Arroyo
Gloria_Macapagal_Arroyo/Gloria_Macapagal_Arroyo_0031.jpg,Gloria_Macapagal_Arroyo
Gloria_Macapagal_Arroyo/Gloria_Macapagal_Arroyo_0032.jpg,Gloria_Macapagal_Arroyo
Gloria_Macapagal_Arroyo/Gloria_Macapagal_Arroyo_0033.jpg,Gloria_Macapagal_Arroyo
Gloria_Macapagal_Arroyo/Gloria_Macapagal_Arroyo_0034.jpg,Gloria_Macapagal_Arroyo
Gloria_Macapagal_Arroyo/Gloria_Macapagal_Arroyo_0035.jpg,Gloria_Macapagal_Arroyo
Gloria_Macapagal_Arroyo/Gloria_Macapagal_Arroyo_0036.jpg,Gloria_Macapagal_Arroyo
Gloria_Macapagal_Arroyo/Gloria_Macapagal_Arroyo_0037.jpg,Gloria_Macapagal_Arroyo
Gloria_Macapagal_Arroyo/Gloria_Macapagal_Arroyo_0038.jpg,Gloria_Macapagal_Arroyo
Gloria_Macapagal_Arroyo/Gloria_Macapagal_Arroyo_0039.jpg,Gloria_Macapagal_Arroyo
Gloria_Macapagal_Arroyo/Gloria_Macapagal_Arroyo_0040.jpg,Gloria_Macapagal_Arroyo
Gloria_Macapagal_Arroyo/Gloria_Macapagal_Arroyo_0041.jpg,Gloria_Macapagal_Arroyo
Gloria_Macapagal_Arroyo/Gloria_Macapagal_Arroyo_0042.jpg,Gloria_Macapagal_Arroyo
Gloria_Macapagal_Arroyo/Gloria_Macapagal_Arroyo_0043.jpg,Gloria_Macapagal_Arroyo
Gloria_Macapagal_Arroyo/Gloria_Macapagal_Arroyo_0044.jpg,Gloria_Macapagal_Arroyo
Gray_Davis/Gray_Davis_0001.jpg,Gray_Davis
Gray_Davis/Gray_Davis_0002.jpg,Gray_Davis
Gray_Davis/Gray_Davis_0003.jpg,Gray_Davis
Gray_Davis/Gray_Davis_0004.jpg,Gray_Davis
Gray_Davis/Gray_Davis_0005.jpg,Gray_Davis
Gray_Davis/Gray_Davis_0006.jpg,Gray_Davis
Gray_Davis/Gray_Davis_0007.jpg,Gray_Davis
Gray_Davis/Gray_Davis_0008.jpg,Gray_Davis
Gray_Davis/Gray_Davis_0009.jpg,Gray_Davis
Gray_Davis/Gray_Davis_0010.jpg,Gray_Davis
Gray_Davis/Gray_Davis_0011.jpg,Gray_Davis
Gray_Davis/Gray_Davis_0012.jpg,Gray_Davis
Gray_Davis/Gray_Davis_0013.jpg,Gray_Davis
Gray_Davis/Gray_Davis_0014.jpg,Gray_Davis
Gray_Davis/Gray_Davis_0015.jpg,Gray_Davis
Gray_Davis/Gray_Davis_0016.jpg,Gray_Davis
Gray_Davis/Gray_Davis_0017.jpg,Gray_Davis
Gray_Davis/Gray_Davis_0018.jpg,Gray_Davis
Gray_Davis/Gray_Davis_0019.jpg,Gray_Davis
Gray_Davis/Gray_Davis_0020.jpg,Gray_Davis
Gray_Davis/Gray_Davis_0021.jpg,Gray_Davis
Gray_Davis/Gray_Davis_0022.jpg,Gray_Davis
Gray_Davis/Gray_Davis_0023.jpg,Gray_Davis
Gray_Davis/Gray_Davis_0024.jpg,Gray_Davis
Gray_Davis/Gray_Davis_0025.jpg,Gray_Davis
Gray_Davis/Gray_Davis_0026.jpg,Gray_Davis
Guillermo_Coria/Guillermo_Coria_0001.jpg,Guillermo_Coria
Guillermo_Coria/Guillermo_Coria_0002.jpg,Guillermo_Coria
Guillermo_Coria/Guillermo_Coria_0003.jpg,Guillermo_Coria
Guillermo_Coria/Guillermo_Coria_0004.jpg,Guillermo_Coria
Guillermo_Coria/Guillermo_Coria_0005.jpg,Guillermo_Coria
Guillermo_Coria/Guillermo_Coria_0006.jpg,Guillermo_Coria
Guillermo_Coria/Guillermo_Coria_0007.jpg,Guillermo_Coria
Guillermo_Coria/Guillermo_Coria_0008.jpg,Guillermo_Coria
Guillermo_Coria/Guillermo_Coria_0009.jpg,Guillermo_Coria
Guillermo_Coria/Guillermo_Coria_0010.jpg,Guillermo_Coria
Guillermo_Coria/Guillermo_Coria_0011.jpg,Guillermo_Coria
Guillermo_Coria/Guillermo_Coria_0012.jpg,Guillermo_Coria
Guillermo_Coria/Guillermo_Coria_0013.jpg,Guillermo_Coria
Guillermo_Coria/Guillermo_Coria_0014.jpg,Guillermo_Coria
Guillermo_Coria/Guillermo_Coria_0015.jpg,Guillermo_Coria
Guillermo_Coria/Guillermo_Coria_0016.jpg,Guillermo_Coria
Guillermo_Coria/Guillermo_Coria_0017.jpg,Guillermo_Coria
Guillermo_Coria/Guillermo_Coria_0018.jpg,Guillermo_Coria
Guillermo_Coria/Guillermo_Coria_0019.jpg,Guillermo_Coria
Guillermo_Coria/Guillermo_Coria_0020.jpg,Guillermo_Coria
Guillermo_Coria/Guillermo_Coria_0021.jpg,Guillermo_Coria
Guillermo_Coria/Guillermo_Coria_0022.jpg,Guillermo_Coria
Guillermo_Coria/Guillermo_Coria_0023.jpg,Guillermo_Coria
Guillermo_Coria/Guillermo_Coria_0024.jpg,Guillermo_Coria
Guillermo_Coria/Guillermo_Coria_0025.jpg,Guillermo_Coria
Guillermo_Coria/Guillermo_Coria_0026.jpg,Guillermo_Coria
Guillermo_Coria/Guillermo_Coria_0027.jpg,Guillermo_Coria
Guillermo_Coria/Guillermo_Coria_0028.jpg,Guillermo_Coria
Guillermo_Coria/Guillermo_Coria_0029.jpg,Guillermo_Coria
Guillermo_Coria/Guillermo_Coria_0030.jpg,Guillermo_Coria
Hamid_Karzai/Hamid_Karzai_0001.jpg,Hamid_Karzai
Hamid_Karzai/Hamid_Karzai_0002.jpg,Hamid_Karzai
Hamid_Karzai/Hamid_Karzai_0003.jpg,Hamid_Karzai
Hamid_Karzai/Hamid_Karzai_0004.jpg,Hamid_Karzai
Hamid_Karzai/Hamid_Karzai_0005.jpg,Hamid_Karzai
Hamid_Karzai/Hamid_Karzai_0006.jpg,Hamid_Karzai
Hamid_Karzai/Hamid_Karzai_0007.jpg,Hamid_Karzai
Hamid_Karzai/Hamid_Karzai_0008.jpg,Hamid_Karzai
Hamid_Karzai/Hamid_Karzai_0009.jpg,Hamid_Karzai
Hamid_Karzai/Hamid_Karzai_0010.jpg,Hamid_Karzai
Hamid_Karzai/Hamid_Karzai_0011.jpg,Hamid_Karzai
Hamid_Karzai/Hamid_Karzai_0012.jpg,Hamid_Karzai
Hamid_Karzai/Hamid_Karzai_0013.jpg,Hamid_Karzai
Hamid_Karzai/Hamid_Karzai_0014.jpg,Hamid_Karzai
Hamid_Karzai/Hamid_Karzai_0015.jpg,Hamid_Karzai
Hamid_Karzai/Hamid_Karzai_0016.jpg,Hamid_Karzai
Hamid_Karzai/Hamid_Karzai_0017.jpg,Hamid_Karzai
Hamid_Karzai/Hamid_Karzai_0018.jpg,Hamid_Karzai
Hamid_Karzai/Hamid_Karzai_0019.jpg,Hamid_Karzai
Hamid_Karzai/Hamid_Karzai_0020.jpg,Hamid_Karzai
Hamid_Karzai/Hamid_Karzai_0021.jpg,Hamid_Karzai
Hamid_Karzai/Hamid_Karzai_0022.jpg,Hamid_Karzai
Hans_Blix/Hans_Blix_0001.jpg,Hans_Blix
Hans_Blix/Hans_Blix_0002.jpg,Hans_Blix
Hans_Blix/Hans_Blix_0003.jpg,Hans_Blix
Hans_Blix/Hans_Blix_0004.jpg,Hans_Blix
Hans_Blix/Hans_Blix_0005.jpg,Hans_Blix
Hans_Blix/Hans_Blix_0006.jpg,Hans_Blix
Hans_Blix/Hans_Blix_0007.jpg,Hans_Blix
Hans_Blix/Hans_Blix_0008.jpg,Hans_Blix
Hans_Blix/Hans_Blix_0009.jpg,Hans_Blix
Hans_Blix/Hans_Blix_0010.jpg,Hans_Blix
Hans_Blix/Hans_Blix_0011.jpg,Hans_Blix
Hans_Blix/Hans_Blix_0012.jpg,Hans_Blix
Hans_Blix/Hans_Blix_0013.jpg,Hans_Blix
Hans_Blix/Hans_Blix_0014.jpg,Hans_Blix
Hans_Blix/Hans_Blix_0015.jpg,Hans_Blix
Hans_Blix/Hans_Blix_0016.jpg,Hans_Blix
Hans_Blix/Hans_Blix_0017.jpg,Hans_Blix
Hans_Blix/Hans_Blix_0018.jpg,Hans_Blix
Hans_Blix/Hans_Blix_0019.jpg,Hans_Blix
Hans_Blix/Hans_Blix_0020.jpg,Hans_Blix
Hans_Blix/Hans_Blix_0021.jpg,Hans_Blix
Hans_Blix/Hans_Blix_0022.jpg,Hans_Blix
Hans_Blix/Hans_Blix_0023.jpg,Hans_Blix
Hans_Blix/Hans_Blix_0024.jpg,Hans_Blix
Hans_Blix/Hans_Blix_0025.jpg,Hans_Blix
Hans_Blix/Hans_Blix_0026.jpg,Hans_Blix
Hans_Blix/Hans_Blix_0027.jpg,Hans_Blix
Hans_Blix/Hans_Blix_0028.jpg,Hans_Blix
Hans_Blix/Hans_Blix_0029.jpg,Hans_Blix
Hans_Blix/Hans_Blix_0030.jpg,Hans_Blix
Hans_Blix/Hans_Blix_0031.jpg,Hans_Blix
Hans_Blix/Hans_Blix_0032.jpg,Hans_Blix
Hans_Blix/Hans_Blix_0033.jpg,Hans_Blix
Hans_Blix/Hans_Blix_0034.jpg,Hans_Blix
Hans_Blix/Hans_Blix_0035.jpg,Hans_Blix
Hans_Blix/Hans_Blix_0036.jpg,Hans_Blix
Hans_Blix/Hans_Blix_0037.jpg,Hans_Blix
Hans_Blix/Hans_Blix_0038.jpg,Hans_Blix
Hans_Blix/Hans_Blix_0039.jpg,Hans_Blix
Hugo_Chavez/Hugo_Chavez_0001.jpg,Hugo_Chavez
Hugo_Chavez/Hugo_Chavez_0002.jpg,Hugo_Chavez
Hugo_Chavez/Hugo_Chavez_0003.jpg,Hugo_Chavez
Hugo_Chavez/Hugo_Chavez_0004.jpg,Hugo_Chavez
Hugo_Chavez/Hugo_Chavez_0005.jpg,Hugo_Chavez
Hugo_Chavez/Hugo_Chavez_0006.jpg,Hugo_Chavez
Hugo_Chavez/Hugo_Chavez_0007.jpg,Hugo_Chavez
Hugo_Chavez/Hugo_Chavez_0008.jpg,Hugo_Chavez
Hugo_Chavez/Hugo_Chavez_0009.jpg,Hugo_Chavez
Hugo_Chavez/Hugo_Chavez_0010.jpg,Hugo_Chavez
Hugo_Chavez/Hugo_Chavez_0011.jpg,Hugo_Chavez
Hugo_Chavez/Hugo_Chavez_0012.jpg,Hugo_Chavez
Hugo_Chavez/Hugo_Chavez_0013.jpg,Hugo_Chavez
Hugo_Chavez/Hugo_Chavez_0014.jpg,Hugo_Chavez
Hugo_Chavez/Hugo_Chavez_0015.jpg,Hugo_Chavez
Hugo_Chavez/Hugo_Chavez_0016.jpg,Hugo_Chavez
Hugo_Chavez/Hugo_Chavez_0017.jpg,Hugo_Chavez
Hugo_Chavez/Hugo_Chavez_0018.jpg,Hugo_Chavez
Hugo_Chavez/Hugo_Chavez_0019.jpg,Hugo_Chavez
Hugo_Chavez/Hugo_Chavez_0020.jpg,Hugo_Chavez
Hugo_Chavez/Hugo_Chavez_0021.jpg,Hugo_Chavez
Hugo_Chavez/Hugo_Chavez_0022.jpg,Hugo_Chavez
Hugo_Chavez/Hugo_Chavez_0023.jpg,Hugo_Chavez
Hugo_Chavez/Hugo_Chavez_0024.jpg,Hugo_Chavez
Hugo_Chavez/Hugo_Chavez_0025.jpg,Hugo_Chavez
Hugo_Chavez/Hugo_Chavez_0026.jpg,Hugo_Chavez
Hugo_Chavez/Hugo_Chavez_0027.jpg,Hugo_Chavez
Hugo_Chavez/Hugo_Chavez_0028.jpg,Hugo_Chavez
Hugo_Chavez/Hugo_Chavez_0029.jpg,Hugo_Chavez
Hugo_Chavez/Hugo_Chavez_0030.jpg,Hugo_Chavez
Hugo_Chavez/Hugo_Chavez_0031.jpg,Hugo_Chavez
Hugo_Chavez/Hugo_Chavez_0032.jpg,Hugo_Chavez
Hugo_Chavez/Hugo_Chavez_0033.jpg,Hugo_Chavez
Hugo_Chavez/Hugo_Chavez_0034.jpg,Hugo_Chavez
Hugo_Chavez/Hugo_Chavez_0035.jpg,Hugo_Chavez
Hugo_Chavez/Hugo_Chavez_0036.jpg,Hugo_Chavez
Hugo_Chavez/Hugo_Chavez_0037.jpg,Hugo_Chavez
Hugo_Chavez/Hugo_Chavez_0038.jpg,Hugo_Chavez
Hugo_Chavez/Hugo_Chavez_0039.jpg,Hugo_Chavez
Hugo_Chavez/Hugo_Chavez_0040.jpg,Hugo_Chavez
Hugo_Chavez/Hugo_Chavez_0041.jpg,Hugo_Chavez
Hugo_Chavez/Hugo_Chavez_0042.jpg,Hugo_Chavez
Hugo_Chavez/Hugo_Chavez_0043.jpg,Hugo_Chavez
Hugo_Chavez/Hugo_Chavez_0044.jpg,Hugo_Chavez
Hugo_Chavez/Hugo_Chavez_0045.jpg,Hugo_Chavez
Hugo_Chavez/Hugo_Chavez_0046.jpg,Hugo_Chavez
Hugo_Chavez/Hugo_Chavez_0047.jpg,Hugo_Chavez
Hugo_Chavez/Hugo_Chavez_0048.jpg,Hugo_Chavez
Hugo_Chavez/Hugo_Chavez_0049.jpg,Hugo_Chavez
Hugo_Chavez/Hugo_Chavez_0050.jpg,Hugo_Chavez
Hugo_Chavez/Hugo_Chavez_0051.jpg,Hugo_Chavez
Hugo_Chavez/Hugo_Chavez_0052.jpg,Hugo_Chavez
Hugo_Chavez/Hugo_Chavez_0053.jpg,Hugo_Chavez
Hugo_Chavez/Hugo_Chavez_0054.jpg,Hugo_Chavez
Hugo_Chavez/Hugo_Chavez_0055.jpg,Hugo_Chavez
Hugo_Chavez/Hugo_Chavez_0056.jpg,Hugo_Chavez
Hugo_Chavez/Hugo_Chavez_0057.jpg,Hugo_Chavez
Hugo_Chavez/Hugo_Chavez_0058.jpg,Hugo_Chavez
Hugo_Chavez/Hugo_Chavez_0059.jpg,Hugo_Chavez
Hugo_Chavez/Hugo_Chavez_0060.jpg,Hugo_Chavez
Hugo_Chavez/Hugo_Chavez_0061.jpg,Hugo_Chavez
Hugo_Chavez/Hugo_Chavez_0062.jpg,Hugo_Chavez
Hugo_Chavez/Hugo_Chavez_0063.jpg,Hugo_Chavez
Hugo_Chavez/Hugo_Chavez_0064.jpg,Hugo_Chavez
Hugo_Chavez/Hugo_Chavez_0065.jpg,Hugo_Chavez
Hugo_Chavez/Hugo_Chavez_0066.jpg,Hugo_Chavez
Hugo_Chavez/Hugo_Chavez_0067.jpg,Hugo_Chavez
Hugo_Chavez/Hugo_Chavez_0068.jpg,Hugo_Chavez
Hugo_Chavez/Hugo_Chavez_0069.jpg,Hugo_Chavez
Hugo_Chavez/Hugo_Chavez_0070.jpg,Hugo_Chavez
Hugo_Chavez/Hugo_Chavez_0071.jpg,Hugo_Chavez
Igor_Ivanov/Igor_Ivanov_0001.jpg,Igor_Ivanov
Igor_Ivanov/Igor_Ivanov_0002.jpg,Igor_Ivanov
Igor_Ivanov/Igor_Ivanov_0003.jpg,Igor_Ivanov
Igor_Ivanov/Igor_Ivanov_0004.jpg,Igor_Ivanov
Igor_Ivanov/Igor_Ivanov_0005.jpg,Igor_Ivanov
Igor_Ivanov/Igor_Ivanov_0006.jpg,Igor_Ivanov
Igor_Ivanov/Igor_Ivanov_0007.jpg,Igor_Ivanov
Igor_Ivanov/Igor_Ivanov_0008.jpg,Igor_Ivanov
Igor_Ivanov/Igor_Ivanov_0009.jpg,Igor_Ivanov
Igor_Ivanov/Igor_Ivanov_0010.jpg,Igor_Ivanov
Igor_Ivanov/Igor_Ivanov_0011.jpg,Igor_Ivanov
Igor_Ivanov/Igor_Ivanov_0012.jpg,Igor_Ivanov
Igor_Ivanov/Igor_Ivanov_0013.jpg,Igor_Ivanov
Igor_Ivanov/Igor_Ivanov_0014.jpg,Igor_Ivanov
Igor_Ivanov/Igor_Ivanov_0015.jpg,Igor_Ivanov
Igor_Ivanov/Igor_Ivanov_0016.jpg,Igor_Ivanov
Igor_Ivanov/Igor_Ivanov_0017.jpg,Igor_Ivanov
Igor_Ivanov/Igor_Ivanov_0018.jpg,Igor_Ivanov
Igor_Ivanov/Igor_Ivanov_0019.jpg,Igor_Ivanov
Igor_Ivanov/Igor_Ivanov_0020.jpg,Igor_Ivanov
Jack_Straw/Jack_Straw_0001.jpg,Jack_Straw
Jack_Straw/Jack_Straw_0002.jpg,Jack_Straw
Jack_Straw/Jack_Straw_0003.jpg,Jack_Straw
Jack_Straw/Jack_Straw_0004.jpg,Jack_Straw
Jack_Straw/Jack_Straw_0005.jpg,Jack_Straw
Jack_Straw/Jack_Straw_0006.jpg,Jack_Straw
Jack_Straw/Jack_Straw_0007.jpg,Jack_Straw
Jack_Straw/Jack_Straw_0008.jpg,Jack_Straw
Jack_Straw/Jack_Straw_0009.jpg,Jack_Straw
Jack_Straw/Jack_Straw_0010.jpg,Jack_Straw
Jack_Straw/Jack_Straw_0011.jpg,Jack_Straw
Jack_Straw/Jack_Straw_0012.jpg,Jack_Straw
Jack_Straw/Jack_Straw_0013.jpg,Jack_Straw
Jack_Straw/Jack_Straw_0014.jpg,Jack_Straw
Jack_Straw/Jack_Straw_0015.jpg,Jack_Straw
Jack_Straw/Jack_Straw_0016.jpg,Jack_Straw
Jack_Straw/Jack_Straw_0017.jpg,Jack_Straw
Jack_Straw/Jack_Straw_0018.jpg,Jack_Straw
Jack_Straw/Jack_Straw_0019.jpg,Jack_Straw
Jack_Straw/Jack_Straw_0020.jpg,Jack_Straw
Jack_Straw/Jack_Straw_0021.jpg,Jack_Straw
Jack_Straw/Jack_Straw_0022.jpg,Jack_Straw
Jack_Straw/Jack_Straw_0023.jpg,Jack_Straw
Jack_Straw/Jack_Straw_0024.jpg,Jack_Straw
Jack_Straw/Jack_Straw_0025.jpg,Jack_Straw
Jack_Straw/Jack_Straw_0026.jpg,Jack_Straw
Jack_Straw/Jack_Straw_0027.jpg,Jack_Straw
Jack_Straw/Jack_Straw_0028.jpg,Jack_Straw
Jacques_Chirac/Jacques_Chirac_0001.jpg,Jacques_Chirac
Jacques_Chirac/Jacques_Chirac_0002.jpg,Jacques_Chirac
Jacques_Chirac/Jacques_Chirac_0003.jpg,Jacques_Chirac
Jacques_Chirac/Jacques_Chirac_0004.jpg,Jacques_Chirac
Jacques_Chirac/Jacques_Chirac_0005.jpg,Jacques_Chirac
Jacques_Chirac/Jacques_Chirac_0006.jpg,Jacques_Chirac
Jacques_Chirac/Jacques_Chirac_0007.jpg,Jacques_Chirac
Jacques_Chirac/Jacques_Chirac_0008.jpg,Jacques_Chirac
Jacques_Chirac/Jacques_Chirac_0009.jpg,Jacques_Chirac
Jacques_Chirac/Jacques_Chirac_0010.jpg,Jacques_Chirac
Jacques_Chirac/Jacques_Chirac_0011.jpg,Jacques_Chirac
Jacques_Chirac/Jacques_Chirac_0012.jpg,Jacques_Chirac
Jacques_Chirac/Jacques_Chirac_0013.jpg,Jacques_Chirac
Jacques_Chirac/Jacques_Chirac_0014.jpg,Jacques_Chirac
Jacques_Chirac/Jacques_Chirac_0015.jpg,Jacques_Chirac
Jacques_Chirac/Jacques_Chirac_0016.jpg,Jacques_Chirac
Jacques_Chirac/Jacques_Chirac_0017.jpg,Jacques_Chirac
Jacques_Chirac/Jacques_Chirac_0018.jpg,Jacques_Chirac
Jacques_Chirac/Jacques_Chirac_0019.jpg,Jacques_Chirac
Jacques_Chirac/Jacques_Chirac_0020.jpg,Jacques_Chirac
Jacques_Chirac/Jacques_Chirac_0021.jpg,Jacques_Chirac
Jacques_Chirac/Jacques_Chirac_0022.jpg,Jacques_Chirac
Jacques_Chirac/Jacques_Chirac_0023.jpg,Jacques_Chirac
Jacques_Chirac/Jacques_Chirac_0024.jpg,Jacques_Chirac
Jacques_Chirac/Jacques_Chirac_0025.jpg,Jacques_Chirac
Jacques_Chirac/Jacques_Chirac_0026.jpg,Jacques_Chirac
Jacques_Chirac/Jacques_Chirac_0027.jpg,Jacques_Chirac
Jacques_Chirac/Jacques_Chirac_0028.jpg,Jacques_Chirac
Jacques_Chirac/Jacques_Chirac_0029.jpg,Jacques_Chirac
Jacques_Chirac/Jacques_Chirac_0030.jpg,Jacques_Chirac
Jacques_Chirac/Jacques_Chirac_0031.jpg,Jacques_Chirac
Jacques_Chirac/Jacques_Chirac_0032.jpg,Jacques_Chirac
Jacques_Chirac/Jacques_Chirac_0033.jpg,Jacques_Chirac
Jacques_Chirac/Jacques_Chirac_0034.jpg,Jacques_Chirac
Jacques_Chirac/Jacques_Chirac_0035.jpg,Jacques_Chirac
Jacques_Chirac/Jacques_Chirac_0036.jpg,Jacques_Chirac
Jacques_Chirac/Jacques_Chirac_0037.jpg,Jacques_Chirac
Jacques_Chirac/Jacques_Chirac_0038.jpg,Jacques_Chirac
Jacques_Chirac/Jacques_Chirac_0039.jpg,Jacques_Chirac
Jacques_Chirac/Jacques_Chirac_0040.jpg,Jacques_Chirac
Jacques_Chirac/Jacques_Chirac_0041.jpg,Jacques_Chirac
Jacques_Chirac/Jacques_Chirac_0042.jpg,Jacques_Chirac
Jacques_Chirac/Jacques_Chirac_0043.jpg,Jacques_Chirac
Jacques_Chirac/Jacques_Chirac_0044.jpg,Jacques_Chirac
Jacques_Chirac/Jacques_Chirac_0045.jpg,Jacques_Chirac
Jacques_Chirac/Jacques_Chirac_0046.jpg,Jacques_Chirac
Jacques_Chirac/Jacques_Chirac_0047.jpg,Jacques_Chirac
Jacques_Chirac/Jacques_Chirac_0048.jpg,Jacques_Chirac
Jacques_Chirac/Jacques_Chirac_0049.jpg,Jacques_Chirac
Jacques_Chirac/Jacques_Chirac_0050.jpg,Jacques_Chirac
Jacques_Chirac/Jacques_Chirac_0051.jpg,Jacques_Chirac
Jacques_Chirac/Jacques_Chirac_0052.jpg,Jacques_Chirac
Jean_Chretien/Jean_Chretien_0001.jpg,Jean_Chretien
Jean_Chretien/Jean_Chretien_0002.jpg,Jean_Chretien
Jean_Chretien/Jean_Chretien_0003.jpg,Jean_Chretien
Jean_Chretien/Jean_Chretien_0004.jpg,Jean_Chretien
Jean_Chretien/Jean_Chretien_0005.jpg,Jean_Chretien
Jean_Chretien/Jean_Chretien_0006.jpg,Jean_Chretien
Jean_Chretien/Jean_Chretien_0007.jpg,Jean_Chretien
Jean_Chretien/Jean_Chretien_0008.jpg,Jean_Chretien
Jean_Chretien/Jean_Chretien_0009.jpg,Jean_Chretien
Jean_Chretien/Jean_Chretien_0010.jpg,Jean_Chretien
Jean_Chretien/Jean_Chretien_0011.jpg,Jean_Chretien
Jean_Chretien/Jean_Chretien_0012.jpg,Jean_Chretien
Jean_Chretien/Jean_Chretien_0013.jpg,Jean_Chretien
Jean_Chretien/Jean_Chretien_0014.jpg,Jean_Chretien
Jean_Chretien/Jean_Chretien_0015.jpg,Jean_Chretien
Jean_Chretien/Jean_Chretien_0016.jpg,Jean_Chretien
Jean_Chretien/Jean_Chretien_0017.jpg,Jean_Chretien
Jean_Chretien/Jean_Chretien_0018.jpg,Jean_Chretien
Jean_Chretien/Jean_Chretien_0019.jpg,Jean_Chretien
Jean_Chretien/Jean_Chretien_0020.jpg,Jean_Chretien
Jean_Chretien/Jean_Chretien_0021.jpg,Jean_Chretien
Jean_Chretien/Jean_Chretien_0022.jpg,Jean_Chretien
Jean_Chretien/Jean_Chretien_0023.jpg,Jean_Chretien
Jean_Chretien/Jean_Chretien_0024.jpg,Jean_Chretien
Jean_Chretien/Jean_Chretien_0025.jpg,Jean_Chretien
Jean_Chretien/Jean_Chretien_0026.jpg,Jean_Chretien
Jean_Chretien/Jean_Chretien_0027.jpg,Jean_Chretien
Jean_Chretien/Jean_Chretien_0028.jpg,Jean_Chretien
Jean_Chretien/Jean_Chretien_0029.jpg,Jean_Chretien
Jean_Chretien/Jean_Chretien_0030.jpg,Jean_Chretien
Jean_Chretien/Jean_Chretien_0031.jpg,Jean_Chretien
Jean_Chretien/Jean_Chretien_0032.jpg,Jean_Chretien
Jean_Chretien/Jean_Chretien_0033.jpg,Jean_Chretien
Jean_Chretien/Jean_Chretien_0034.jpg,Jean_Chretien
Jean_Chretien/Jean_Chretien_0035.jpg,Jean_Chretien
Jean_Chretien/Jean_Chretien_0036.jpg,Jean_Chretien
Jean_Chretien/Jean_Chretien_0037.jpg,Jean_Chretien
Jean_Chretien/Jean_Chretien_0038.jpg,Jean_Chretien
Jean_Chretien/Jean_Chretien_0039.jpg,Jean_Chretien
Jean_Chretien/Jean_Chretien_0040.jpg,Jean_Chretien
Jean_Chretien/Jean_Chretien_0041.jpg,Jean_Chretien
Jean_Chretien/Jean_Chretien_0042.jpg,Jean_Chretien
Jean_Chretien/Jean_Chretien_0043.jpg,Jean_Chretien
Jean_Chretien/Jean_Chretien_0044.jpg,Jean_Chretien
Jean_Chretien/Jean_Chretien_0045.jpg,Jean_Chretien
Jean_Chretien/Jean_Chretien_0046.jpg,Jean_Chretien
Jean_Chretien/Jean_Chretien_0047.jpg,Jean_Chretien
Jean_Chretien/Jean_Chretien_0048.jpg,Jean_Chretien
Jean_Chretien/Jean_Chretien_0049.jpg,Jean_Chretien
Jean_Chretien/Jean_Chretien_0050.jpg,Jean_Chretien
Jean_Chretien/Jean_Chretien_0051.jpg,Jean_Chretien
Jean_Chretien/Jean_Chretien_0052.jpg,Jean_Chretien
Jean_Chretien/Jean_Chretien_0053.jpg,Jean_Chretien
Jean_Chretien/Jean_Chretien_0054.jpg,Jean_Chretien
Jean_Chretien/Jean_Chretien_0055.jpg,Jean_Chretien
Jennifer_Aniston/Jennifer_Aniston_0001.jpg,Jennifer_Aniston
Jennifer_Aniston/Jennifer_Aniston_0002.jpg,Jennifer_Aniston
Jennifer_Aniston/Jennifer_Aniston_0003.jpg,Jennifer_Aniston
Jennifer_Aniston/Jennifer_Aniston_0004.jpg,Jennifer_Aniston
Jennifer_Aniston/Jennifer_Aniston_0005.jpg,Jennifer_Aniston
Jennifer_Aniston/Jennifer_Aniston_0006.jpg,Jennifer_Aniston
Jennifer_Aniston/Jennifer_Aniston_0007.jpg,Jennifer_Aniston
Jennifer_Aniston/Jennifer_Aniston_0008.jpg,Jennifer_Aniston
Jennifer_Aniston/Jennifer_Aniston_0009.jpg,Jennifer_Aniston
Jennifer_Aniston/Jennifer_Aniston_0010.jpg,Jennifer_Aniston
Jennifer_Aniston/Jennifer_Aniston_0011.jpg,Jennifer_Aniston
Jennifer_Aniston/Jennifer_Aniston_0012.jpg,Jennifer_Aniston
Jennifer_Aniston/Jennifer_Aniston_0013.jpg,Jennifer_Aniston
Jennifer_Aniston/Jennifer_Aniston_0014.jpg,Jennifer_Aniston
Jennifer_Aniston/Jennifer_Aniston_0015.jpg,Jennifer_Aniston
Jennifer_Aniston/Jennifer_Aniston_0016.jpg,Jennifer_Aniston
Jennifer_Aniston/Jennifer_Aniston_0017.jpg,Jennifer_Aniston
Jennifer_Aniston/Jennifer_Aniston_0018.jpg,Jennifer_Aniston
Jennifer_Aniston/Jennifer_Aniston_0019.jpg,Jennifer_Aniston
Jennifer_Aniston/Jennifer_Aniston_0020.jpg,Jennifer_Aniston
Jennifer_Aniston/Jennifer_Aniston_0021.jpg,Jennifer_Aniston
Jennifer_Capriati/Jennifer_Capriati_0001.jpg,Jennifer_Capriati
Jennifer_Capriati/Jennifer_Capriati_0002.jpg,Jennifer_Capriati
Jennifer_Capriati/Jennifer_Capriati_0003.jpg,Jennifer_Capriati
Jennifer_Capriati/Jennifer_Capriati_0004.jpg,Jennifer_Capriati
Jennifer_Capriati/Jennifer_Capriati_0005.jpg,Jennifer_Capriati
Jennifer_Capriati/Jennifer_Capriati_0006.jpg,Jennifer_Capriati
Jennifer_Capriati/Jennifer_Capriati_0007.jpg,Jennifer_Capriati
Jennifer_Capriati/Jennifer_Capriati_0008.jpg,Jennifer_Capriati
Jennifer_Capriati/Jennifer_Capriati_0009.jpg,Jennifer_Capriati
Jennifer_Capriati/Jennifer_Capriati_0010.jpg,Jennifer_Capriati
Jennifer_Capriati/Jennifer_Capriati_0011.jpg,Jennifer_Capriati
Jennifer_Capriati/Jennifer_Capriati_0012.jpg,Jennifer_Capriati
Jennifer_Capriati/Jennifer_Capriati_0013.jpg,Jennifer_Capriati
Jennifer_Capriati/Jennifer_Capriati_0014.jpg,Jennifer_Capriati
Jennifer_Capriati/Jennifer_Capriati_0015.jpg,Jennifer_Capriati
Jennifer_Capriati/Jennifer_Capriati_0016.jpg,Jennifer_Capriati
Jennifer_Capriati/Jennifer_Capriati_0017.jpg,Jennifer_Capriati
Jennifer_Capriati/Jennifer_Capriati_0018.jpg,Jennifer_Capriati
Jennifer_Capriati/Jennifer_Capriati_0019.jpg,Jennifer_Capriati
Jennifer_Capriati/Jennifer_Capriati_0020.jpg,Jennifer_Capriati
Jennifer_Capriati/Jennifer_Capriati_0021.jpg,Jennifer_Capriati
Jennifer_Capriati/Jennifer_Capriati_0022.jpg,Jennifer_Capriati
Jennifer_Capriati/Jennifer_Capriati_0023.jpg,Jennifer_Capriati
Jennifer_Capriati/Jennifer_Capriati_0024.jpg,Jennifer_Capriati
Jennifer_Capriati/Jennifer_Capriati_0025.jpg,Jennifer_Capriati
Jennifer_Capriati/Jennifer_Capriati_0026.jpg,Jennifer_Capriati
Jennifer_Capriati/Jennifer_Capriati_0027.jpg,Jennifer_Capriati
Jennifer_Capriati/Jennifer_Capriati_0028.jpg,Jennifer_Capriati
Jennifer_Capriati/Jennifer_Capriati_0029.jpg,Jennifer_Capriati
Jennifer_Capriati/Jennifer_Capriati_0030.jpg,Jennifer_Capriati
Jennifer_Capriati/Jennifer_Capriati_0031.jpg,Jennifer_Capriati
Jennifer_Capriati/Jennifer_Capriati_0032.jpg,Jennifer_Capriati
Jennifer_Capriati/Jennifer_Capriati_0033.jpg,Jennifer_Capriati
Jennifer_Capriati/Jennifer_Capriati_0034.jpg,Jennifer_Capriati
Jennifer_Capriati/Jennifer_Capriati_0035.jpg,Jennifer_Capriati
Jennifer_Capriati/Jennifer_Capriati_0036.jpg,Jennifer_Capriati
Jennifer_Capriati/Jennifer_Capriati_0037.jpg,Jennifer_Capriati
Jennifer_Capriati/Jennifer_Capriati_0038.jpg,Jennifer_Capriati
Jennifer_Capriati/Jennifer_Capriati_0039.jpg,Jennifer_Capriati
Jennifer_Capriati/Jennifer_Capriati_0040.jpg,Jennifer_Capriati
Jennifer_Capriati/Jennifer_Capriati_0041.jpg,Jennifer_Capriati
Jennifer_Capriati/Jennifer_Capriati_0042.jpg,Jennifer_Capriati
Jennifer_Lopez/Jennifer_Lopez_0001.jpg,Jennifer_Lopez
Jennifer_Lopez/Jennifer_Lopez_0002.jpg,Jennifer_Lopez
Jennifer_Lopez/Jennifer_Lopez_0003.jpg,Jennifer_Lopez
Jennifer_Lopez/Jennifer_Lopez_0004.jpg,Jennifer_Lopez
Jennifer_Lopez/Jennifer_Lopez_0005.jpg,Jennifer_Lopez
Jennifer_Lopez/Jennifer_Lopez_0006.jpg,Jennifer_Lopez
Jennifer_Lopez/Jennifer_Lopez_0007.jpg,Jennifer_Lopez
Jennifer_Lopez/Jennifer_Lopez_0008.jpg,Jennifer_Lopez
Jennifer_Lopez/Jennifer_Lopez_0009.jpg,Jennifer_Lopez
Jennifer_Lopez/Jennifer_Lopez_0010.jpg,Jennifer_Lopez
Jennifer_Lopez/Jennifer_Lopez_0011.jpg,Jennifer_Lopez
Jennifer_Lopez/Jennifer_Lopez_0012.jpg,Jennifer_Lopez
Jennifer_Lopez/Jennifer_Lopez_0013.jpg,Jennifer_Lopez
Jennifer_Lopez/Jennifer_Lopez_0014.jpg,Jennifer_Lopez
Jennifer_Lopez/Jennifer_Lopez_0015.jpg,Jennifer_Lopez
Jennifer_Lopez/Jennifer_Lopez_0016.jpg,Jennifer_Lopez
Jennifer_Lopez/Jennifer_Lopez_0017.jpg,Jennifer_Lopez
Jennifer_Lopez/Jennifer_Lopez_0018.jpg,Jennifer_Lopez
Jennifer_Lopez/Jennifer_Lopez_0019.jpg,Jennifer_Lopez
Jennifer_Lopez/Jennifer_Lopez_0020.jpg,Jennifer_Lopez
Jennifer_Lopez/Jennifer_Lopez_0021.jpg,Jennifer_Lopez
Jeremy_Greenstock/Jeremy_Greenstock_0001.jpg,Jeremy_Greenstock
Jeremy_Greenstock/Jeremy_Greenstock_0002.jpg,Jeremy_Greenstock
Jeremy_Greenstock/Jeremy_Greenstock_0003.jpg,Jeremy_Greenstock
Jeremy_Greenstock/Jeremy_Greenstock_0004.jpg,Jeremy_Greenstock
Jeremy_Greenstock/Jeremy_Greenstock_0005.jpg,Jeremy_Greenstock
Jeremy_Greenstock/Jeremy_Greenstock_0006.jpg,Jeremy_Greenstock
Jeremy_Greenstock/Jeremy_Greenstock_0007.jpg,Jeremy_Greenstock
Jeremy_Greenstock/Jeremy_Greenstock_0008.jpg,Jeremy_Greenstock
Jeremy_Greenstock/Jeremy_Greenstock_0009.jpg,Jeremy_Greenstock
Jeremy_Greenstock/Jeremy_Greenstock_0010.jpg,Jeremy_Greenstock
Jeremy_Greenstock/Jeremy_Greenstock_0011.jpg,Jeremy_Greenstock
Jeremy_Greenstock/Jeremy_Greenstock_0012.jpg,Jeremy_Greenstock
Jeremy_Greenstock/Jeremy_Greenstock_0013.jpg,Jeremy_Greenstock
Jeremy_Greenstock/Jeremy_Greenstock_0014.jpg,Jeremy_Greenstock
Jeremy_Greenstock/Jeremy_Greenstock_0015.jpg,Jeremy_Greenstock
Jeremy_Greenstock/Jeremy_Greenstock_0016.jpg,Jeremy_Greenstock
Jeremy_Greenstock/Jeremy_Greenstock_0017.jpg,Jeremy_Greenstock
Jeremy_Greenstock/Jeremy_Greenstock_0018.jpg,Jeremy_Greenstock
Jeremy_Greenstock/Jeremy_Greenstock_0019.jpg,Jeremy_Greenstock
Jeremy_Greenstock/Jeremy_Greenstock_0020.jpg,Jeremy_Greenstock
Jeremy_Greenstock/Jeremy_Greenstock_0021.jpg,Jeremy_Greenstock
Jeremy_Greenstock/Jeremy_Greenstock_0022.jpg,Jeremy_Greenstock
Jeremy_Greenstock/Jeremy_Greenstock_0023.jpg,Jeremy_Greenstock
Jeremy_Greenstock/Jeremy_Greenstock_0024.jpg,Jeremy_Greenstock
Jiang_Zemin/Jiang_Zemin_0001.jpg,Jiang_Zemin
Jiang_Zemin/Jiang_Zemin_0002.jpg,Jiang_Zemin
Jiang_Zemin/Jiang_Zemin_0003.jpg,Jiang_Zemin
Jiang_Zemin/Jiang_Zemin_0004.jpg,Jiang_Zemin
Jiang_Zemin/Jiang_Zemin_0005.jpg,Jiang_Zemin
Jiang_Zemin/Jiang_Zemin_0006.jpg,Jiang_Zemin
Jiang_Zemin/Jiang_Zemin_0007.jpg,Jiang_Zemin
Jiang_Zemin/Jiang_Zemin_0008.jpg,Jiang_Zemin
Jiang_Zemin/Jiang_Zemin_0009.jpg,Jiang_Zemin
Jiang_Zemin/Jiang_Zemin_0010.jpg,Jiang_Zemin
Jiang_Zemin/Jiang_Zemin_0011.jpg,Jiang_Zemin
Jiang_Zemin/Jiang_Zemin_0012.jpg,Jiang_Zemin
Jiang_Zemin/Jiang_Zemin_0013.jpg,Jiang_Zemin
Jiang_Zemin/Jiang_Zemin_0014.jpg,Jiang_Zemin
Jiang_Zemin/Jiang_Zemin_0015.jpg,Jiang_Zemin
Jiang_Zemin/Jiang_Zemin_0016.jpg,Jiang_Zemin
Jiang_Zemin/Jiang_Zemin_0017.jpg,Jiang_Zemin
Jiang_Zemin/Jiang_Zemin_0018.jpg,Jiang_Zemin
Jiang_Zemin/Jiang_Zemin_0019.jpg,Jiang_Zemin
Jiang_Zemin/Jiang_Zemin_0020.jpg,Jiang_Zemin
John_Ashcroft/John_Ashcroft_0001.jpg,John_Ashcroft
John_Ashcroft/John_Ashcroft_0002.jpg,John_Ashcroft
John_Ashcroft/John_Ashcroft_0003.jpg,John_Ashcroft
John_Ashcroft/John_Ashcroft_0004.jpg,John_Ashcroft
John_Ashcroft/John_Ashcroft_0005.jpg,John_Ashcroft
John_Ashcroft/John_Ashcroft_0006.jpg,John_Ashcroft
John_Ashcroft/John_Ashcroft_0007.jpg,John_Ashcroft
John_Ashcroft/John_Ashcroft_0008.jpg,John_Ashcroft
John_Ashcroft/John_Ashcroft_0009.jpg,John_Ashcroft
John_Ashcroft/John_Ashcroft_0010.jpg,John_Ashcroft
John_Ashcroft/John_Ashcroft_0011.jpg,John_Ashcroft
John_Ashcroft/John_Ashcroft_0012.jpg,John_Ashcroft
John_Ashcroft/John_Ashcroft_0013.jpg,John_Ashcroft
John_Ashcroft/John_Ashcroft_0014.jpg,John_Ashcroft
John_Ashcroft/John_Ashcroft_0015.jpg,John_Ashcroft
John_Ashcroft/John_Ashcroft_0016.jpg,John_Ashcroft
John_Ashcroft/John_Ashcroft_0017.jpg,John_Ashcroft
John_Ashcroft/John_Ashcroft_0018.jpg,John_Ashcroft
John_Ashcroft/John_Ashcroft_0019.jpg,John_Ashcroft
John_Ashcroft/John_Ashcroft_0020.jpg,John_Ashcroft
John_Ashcroft/John_Ashcroft_0021.jpg,John_Ashcroft
John_Ashcroft/John_Ashcroft_0022.jpg,John_Ashcroft
John_Ashcroft/John_Ashcroft_0023.jpg,John_Ashcroft
John_Ashcroft/John_Ashcroft_0024.jpg,John_Ashcroft
John_Ashcroft/John_Ashcroft_0025.jpg,John_Ashcroft
John_Ashcroft/John_Ashcroft_0026.jpg,John_Ashcroft
John_Ashcroft/John_Ashcroft_0027.jpg,John_Ashcroft
John_Ashcroft/John_Ashcroft_0028.jpg,John_Ashcroft
John_Ashcroft/John_Ashcroft_0029.jpg,John_Ashcroft
John_Ashcroft/John_Ashcroft_0030.jpg,John_Ashcroft
John_Ashcroft/John_Ashcroft_0031.jpg,John_Ashcroft
John_Ashcroft/John_Ashcroft_0032.jpg,John_Ashcroft
John_Ashcroft/John_Ashcroft_0033.jpg,John_Ashcroft
John_Ashcroft/John_Ashcroft_0034.jpg,John_Ashcroft
John_Ashcroft/John_Ashcroft_0035.jpg,John_Ashcroft
John_Ashcroft/John_Ashcroft_0036.jpg,John_Ashcroft
John_Ashcroft/John_Ashcroft_0037.jpg,John_Ashcroft
John_Ashcroft/John_Ashcroft_0038.jpg,John_Ashcroft
John_Ashcroft/John_Ashcroft_0039.jpg,John_Ashcroft
John_Ashcroft/John_Ashcroft_0040.jpg,John_Ashcroft
John_Ashcroft/John_Ashcroft_0041.jpg,John_Ashcroft
John_Ashcroft/John_Ashcroft_0042.jpg,John_Ashcroft
John_Ashcroft/John_Ashcroft_0043.jpg,John_Ashcroft
John_Ashcroft/John_Ashcroft_0044.jpg,John_Ashcroft
John_Ashcroft/John_Ashcroft_0045.jpg,John_Ashcroft
John_Ashcroft/John_Ashcroft_0046.jpg,John_Ashcroft
John_Ashcroft/John_Ashcroft_0047.jpg,John_Ashcroft
John_Ashcroft/John_Ashcroft_0048.jpg,John_Ashcroft
John_Ashcroft/John_Ashcroft_0049.jpg,John_Ashcroft
John_Ashcroft/John_Ashcroft_0050.jpg,John_Ashcroft
John_Ashcroft/John_Ashcroft_0051.jpg,John_Ashcroft
John_Ashcroft/John_Ashcroft_0052.jpg,John_Ashcroft
John_Ashcroft/John_Ashcroft_0053.jpg,John_Ashcroft
John_Negroponte/John_Negroponte_0001.jpg,John_Negroponte
John_Negroponte/John_Negroponte_0002.jpg,John_Negroponte
John_Negroponte/John_Negroponte_0003.jpg,John_Negroponte
John_Negroponte/John_Negroponte_0004.jpg,John_Negroponte
John_Negroponte/John_Negroponte_0005.jpg,John_Negroponte
John_Negroponte/John_Negroponte_0006.jpg,John_Negroponte
John_Negroponte/John_Negroponte_0007.jpg,John_Negroponte
John_Negroponte/John_Negroponte_0008.jpg,John_Negroponte
John_Negroponte/John_Negroponte_0009.jpg,John_Negroponte
John_Negroponte/John_Negroponte_0010.jpg,John_Negroponte
John_Negroponte/John_Negroponte_0011.jpg,John_Negroponte
John_Negroponte/John_Negroponte_0012.jpg,John_Negroponte
John_Negroponte/John_Negroponte_0013.jpg,John_Negroponte
John_Negroponte/John_Negroponte_0014.jpg,John_Negroponte
John_Negroponte/John_Negroponte_0015.jpg,John_Negroponte
John_Negroponte/John_Negroponte_0016.jpg,John_Negroponte
John_Negroponte/John_Negroponte_0017.jpg,John_Negroponte
John_Negroponte/John_Negroponte_0018.jpg,John_Negroponte
John_Negroponte/John_Negroponte_0019.jpg,John_Negroponte
John_Negroponte/John_Negroponte_0020.jpg,John_Negroponte
John_Negroponte/John_Negroponte_0021.jpg,John_Negroponte
John_Negroponte/John_Negroponte_0022.jpg,John_Negroponte
John_Negroponte/John_Negroponte_0023.jpg,John_Negroponte
John_Negroponte/John_Negroponte_0024.jpg,John_Negroponte
John_Negroponte/John_Negroponte_0025.jpg,John_Negroponte
John_Negroponte/John_Negroponte_0026.jpg,John_Negroponte
John_Negroponte/John_Negroponte_0027.jpg,John_Negroponte
John_Negroponte/John_Negroponte_0028.jpg,John_Negroponte
John_Negroponte/John_Negroponte_0029.jpg,John_Negroponte
John_Negroponte/John_Negroponte_0030.jpg,John_Negroponte
John_Negroponte/John_Negroponte_0031.jpg,John_Negroponte
Jose_Maria_Aznar/Jose_Maria_Aznar_0001.jpg,Jose_Maria_Aznar
Jose_Maria_Aznar/Jose_Maria_Aznar_0002.jpg,Jose_Maria_Aznar
Jose_Maria_Aznar/Jose_Maria_Aznar_0003.jpg,Jose_Maria_Aznar
Jose_Maria_Aznar/Jose_Maria_Aznar_0004.jpg,Jose_Maria_Aznar
Jose_Maria_Aznar/Jose_Maria_Aznar_0005.jpg,Jose_Maria_Aznar
Jose_Maria_Aznar/Jose_Maria_Aznar_0006.jpg,Jose_Maria_Aznar
Jose_Maria_Aznar/Jose_Maria_Aznar_0007.jpg,Jose_Maria_Aznar
Jose_Maria_Aznar/Jose_Maria_Aznar_0008.jpg,Jose_Maria_Aznar
Jose_Maria_Aznar/Jose_Maria_Aznar_0009.jpg,Jose_Maria_Aznar
Jose_Maria_Aznar/Jose_Maria_Aznar_0010.jpg,Jose_Maria_Aznar
Jose_Maria_Aznar/Jose_Maria_Aznar_0011.jpg,Jose_Maria_Aznar
Jose_Maria_Aznar/Jose_Maria_Aznar_0012.jpg,Jose_Maria_Aznar
Jose_Maria_Aznar/Jose_Maria_Aznar_0013.jpg,Jose_Maria_Aznar
Jose_Maria_Aznar/Jose_Maria_Aznar_0014.jpg,Jose_Maria_Aznar
Jose_Maria_Aznar/Jose_Maria_Aznar_0015.jpg,Jose_Maria_Aznar
Jose_Maria_Aznar/Jose_Maria_Aznar_0016.jpg,Jose_Maria_Aznar
Jose_Maria_Aznar/Jose_Maria_Aznar_0017.jpg,Jose_Maria_Aznar
Jose_Maria_Aznar/Jose_Maria_Aznar_0018.jpg,Jose_Maria_Aznar
Jose_Maria_Aznar/Jose_Maria_Aznar_0019.jpg,Jose_Maria_Aznar
Jose_Maria_Aznar/Jose_Maria_Aznar_0020.jpg,Jose_Maria_Aznar
Jose_Maria_Aznar/Jose_Maria_Aznar_0021.jpg,Jose_Maria_Aznar
Jose_Maria_Aznar/Jose_Maria_Aznar_0022.jpg,Jose_Maria_Aznar
Jose_Maria_Aznar/Jose_Maria_Aznar_0023.jpg,Jose_Maria_Aznar
Juan_Carlos_Ferrero/Juan_Carlos_Ferrero_0001.jpg,Juan_Carlos_Ferrero
Juan_Carlos_Ferrero/Juan_Carlos_Ferrero_0002.jpg,Juan_Carlos_Ferrero
Juan_Carlos_Ferrero/Juan_Carlos_Ferrero_0003.jpg,Juan_Carlos_Ferrero
Juan_Carlos_Ferrero/Juan_Carlos_Ferrero_0004.jpg,Juan_Carlos_Ferrero
Juan_Carlos_Ferrero/Juan_Carlos_Ferrero_0005.jpg,Juan_Carlos_Ferrero
Juan_Carlos_Ferrero/Juan_Carlos_Ferrero_0006.jpg,Juan_Carlos_Ferrero
Juan_Carlos_Ferrero/Juan_Carlos_Ferrero_0007.jpg,Juan_Carlos_Ferrero
Juan_Carlos_Ferrero/Juan_Carlos_Ferrero_0008.jpg,Juan_Carlos_Ferrero
Juan_Carlos_Ferrero/Juan_Carlos_Ferrero_0009.jpg,Juan_Carlos_Ferrero
Juan_Carlos_Ferrero/Juan_Carlos_Ferrero_0010.jpg,Juan_Carlos_Ferrero
Juan_Carlos_Ferrero/Juan_Carlos_Ferrero_0011.jpg,Juan_Carlos_Ferrero
Juan_Carlos_Ferrero/Juan_Carlos_Ferrero_0012.jpg,Juan_Carlos_Ferrero
Juan_Carlos_Ferrero/Juan_Carlos_Ferrero_0013.jpg,Juan_Carlos_Ferrero
Juan_Carlos_Ferrero/Juan_Carlos_Ferrero_0014.jpg,Juan_Carlos_Ferrero
Juan_Carlos_Ferrero/Juan_Carlos_Ferrero_0015.jpg,Juan_Carlos_Ferrero
Juan_Carlos_Ferrero/Juan_Carlos_Ferrero_0016.jpg,Juan_Carlos_Ferrero
Juan_Carlos_Ferrero/Juan_Carlos_Ferrero_0017.jpg,Juan_Carlos_Ferrero
Juan_Carlos_Ferrero/Juan_Carlos_Ferrero_0018.jpg,Juan_Carlos_Ferrero
Juan_Carlos_Ferrero/Juan_Carlos_Ferrero_0019.jpg,Juan_Carlos_Ferrero
Juan_Carlos_Ferrero/Juan_Carlos_Ferrero_0020.jpg,Juan_Carlos_Ferrero
Juan_Carlos_Ferrero/Juan_Carlos_Ferrero_0021.jpg,Juan_Carlos_Ferrero
Juan_Carlos_Ferrero/Juan_Carlos_Ferrero_0022.jpg,Juan_Carlos_Ferrero
Juan_Carlos_Ferrero/Juan_Carlos_Ferrero_0023.jpg,Juan_Carlos_Ferrero
Juan_Carlos_Ferrero/Juan_Carlos_Ferrero_0024.jpg,Juan_Carlos_Ferrero
Juan_Carlos_Ferrero/Juan_Carlos_Ferrero_0025.jpg,Juan_Carlos_Ferrero
Juan_Carlos_Ferrero/Juan_Carlos_Ferrero_0026.jpg,Juan_Carlos_Ferrero
Juan_Carlos_Ferrero/Juan_Carlos_Ferrero_0027.jpg,Juan_Carlos_Ferrero
Juan_Carlos_Ferrero/Juan_Carlos_Ferrero_0028.jpg,Juan_Carlos_Ferrero
Junichiro_Koizumi/Junichiro_Koizumi_0001.jpg,Junichiro_Koizumi
Junichiro_Koizumi/Junichiro_Koizumi_0002.jpg,Junichiro_Koizumi
Junichiro_Koizumi/Junichiro_Koizumi_0003.jpg,Junichiro_Koizumi
Junichiro_Koizumi/Junichiro_Koizumi_0004.jpg,Junichiro_Koizumi
Junichiro_Koizumi/Junichiro_Koizumi_0005.jpg,Junichiro_Koizumi
Junichiro_Koizumi/Junichiro_Koizumi_0006.jpg,Junichiro_Koizumi
Junichiro_Koizumi/Junichiro_Koizumi_0007.jpg,Junichiro_Koizumi
Junichiro_Koizumi/Junichiro_Koizumi_0008.jpg,Junichiro_Koizumi
Junichiro_Koizumi/Junichiro_Koizumi_0009.jpg,Junichiro_Koizumi
Junichiro_Koizumi/Junichiro_Koizumi_0010.jpg,Junichiro_Koizumi
Junichiro_Koizumi/Junichiro_Koizumi_0011.jpg,Junichiro_Koizumi
Junichiro_Koizumi/Junichiro_Koizumi_0012.jpg,Junichiro_Koizumi
Junichiro_Koizumi/Junichiro_Koizumi_0013.jpg,Junichiro_Koizumi
Junichiro_Koizumi/Junichiro_Koizumi_0014.jpg,Junichiro_Koizumi
Junichiro_Koizumi/Junichiro_Koizumi_0015.jpg,Junichiro_Koizumi
Junichiro_Koizumi/Junichiro_Koizumi_0016.jpg,Junichiro_Koizumi
Junichiro_Koizumi/Junichiro_Koizumi_0017.jpg,Junichiro_Koizumi
Junichiro_Koizumi/Junichiro_Koizumi_0018.jpg,Junichiro_Koizumi
Junichiro_Koizumi/Junichiro_Koizumi_0019.jpg,Junichiro_Koizumi
Junichiro_Koizumi/Junichiro_Koizumi_0020.jpg,Junichiro_Koizumi
Junichiro_Koizumi/Junichiro_Koizumi_0021.jpg,Junichiro_Koizumi
Junichiro_Koizumi/Junichiro_Koizumi_0022.jpg,Junichiro_Koizumi
Junichiro_Koizumi/Junichiro_Koizumi_0023.jpg,Junichiro_Koizumi
Junichiro_Koizumi/Junichiro_Koizumi_0024.jpg,Junichiro_Koizumi
Junichiro_Koizumi/Junichiro_Koizumi_0025.jpg,Junichiro_Koizumi
Junichiro_Koizumi/Junichiro_Koizumi_0026.jpg,Junichiro_Koizumi
Junichiro_Koizumi/Junichiro_Koizumi_0027.jpg,Junichiro_Koizumi
Junichiro_Koizumi/Junichiro_Koizumi_0028.jpg,Junichiro_Koizumi
Junichiro_Koizumi/Junichiro_Koizumi_0029.jpg,Junichiro_Koizumi
Junichiro_Koizumi/Junichiro_Koizumi_0030.jpg,Junichiro_Koizumi
Junichiro_Koizumi/Junichiro_Koizumi_0031.jpg,Junichiro_Koizumi
Junichiro_Koizumi/Junichiro_Koizumi_0032.jpg,Junichiro_Koizumi
Junichiro_Koizumi/Junichiro_Koizumi_0033.jpg,Junichiro_Koizumi
Junichiro_Koizumi/Junichiro_Koizumi_0034.jpg,Junichiro_Koizumi
Junichiro_Koizumi/Junichiro_Koizumi_0035.jpg,Junichiro_Koizumi
Junichiro_Koizumi/Junichiro_Koizumi_0036.jpg,Junichiro_Koizumi
Junichiro_Koizumi/Junichiro_Koizumi_0037.jpg,Junichiro_Koizumi
Junichiro_Koizumi/Junichiro_Koizumi_0038.jpg,Junichiro_Koizumi
Junichiro_Koizumi/Junichiro_Koizumi_0039.jpg,Junichiro_Koizumi
Junichiro_Koizumi/Junichiro_Koizumi_0040.jpg,Junichiro_Koizumi
Junichiro_Koizumi/Junichiro_Koizumi_0041.jpg,Junichiro_Koizumi
Junichiro_Koizumi/Junichiro_Koizumi_0042.jpg,Junichiro_Koizumi
Junichiro_Koizumi/Junichiro_Koizumi_0043.jpg,Junichiro_Koizumi
Junichiro_Koizumi/Junichiro_Koizumi_0044.jpg,Junichiro_Koizumi
Junichiro_Koizumi/Junichiro_Koizumi_0045.jpg,Junichiro_Koizumi
Junichiro_Koizumi/Junichiro_Koizumi_0046.jpg,Junichiro_Koizumi
Junichiro_Koizumi/Junichiro_Koizumi_0047.jpg,Junichiro_Koizumi
Junichiro_Koizumi/Junichiro_Koizumi_0048.jpg,Junichiro_Koizumi
Junichiro_Koizumi/Junichiro_Koizumi_0049.jpg,Junichiro_Koizumi
Junichiro_Koizumi/Junichiro_Koizumi_0050.jpg,Junichiro_Koizumi
Junichiro_Koizumi/Junichiro_Koizumi_0051.jpg,Junichiro_Koizumi
Junichiro_Koizumi/Junichiro_Koizumi_0052.jpg,Junichiro_Koizumi
Junichiro_Koizumi/Junichiro_Koizumi_0053.jpg,Junichiro_Koizumi
Junichiro_Koizumi/Junichiro_Koizumi_0054.jpg,Junichiro_Koizumi
Junichiro_Koizumi/Junichiro_Koizumi_0055.jpg,Junichiro_Koizumi
Junichiro_Koizumi/Junichiro_Koizumi_0056.jpg,Junichiro_Koizumi
Junichiro_Koizumi/Junichiro_Koizumi_0057.jpg,Junichiro_Koizumi
Junichiro_Koizumi/Junichiro_Koizumi_0058.jpg,Junichiro_Koizumi
Junichiro_Koizumi/Junichiro_Koizumi_0059.jpg,Junichiro_Koizumi
Junichiro_Koizumi/Junichiro_Koizumi_0060.jpg,Junichiro_Koizumi
Kofi_Annan/Kofi_Annan_0001.jpg,Kofi_Annan
Kofi_Annan/Kofi_Annan_0002.jpg,Kofi_Annan
Kofi_Annan/Kofi_Annan_0003.jpg,Kofi_Annan
Kofi_Annan/Kofi_Annan_0004.jpg,Kofi_Annan
Kofi_Annan/Kofi_Annan_0005.jpg,Kofi_Annan
Kofi_Annan/Kofi_Annan_0006.jpg,Kofi_Annan
Kofi_Annan/Kofi_Annan_0007.jpg,Kofi_Annan
Kofi_Annan/Kofi_Annan_0008.jpg,Kofi_Annan
Kofi_Annan/Kofi_Annan_0009.jpg,Kofi_Annan
Kofi_Annan/Kofi_Annan_0010.jpg,Kofi_Annan
Kofi_Annan/Kofi_Annan_0011.jpg,Kofi_Annan
Kofi_Annan/Kofi_Annan_0012.jpg,Kofi_Annan
Kofi_Annan/Kofi_Annan_0013.jpg,Kofi_Annan
Kofi_Annan/Kofi_Annan_0014.jpg,Kofi_Annan
Kofi_Annan/Kofi_Annan_0015.jpg,Kofi_Annan
Kofi_Annan/Kofi_Annan_0016.jpg,Kofi_Annan
Kofi_Annan/Kofi_Annan_0017.jpg,Kofi_Annan
Kofi_Annan/Kofi_Annan_0018.jpg,Kofi_Annan
Kofi_Annan/Kofi_Annan_0019.jpg,Kofi_Annan
Kofi_Annan/Kofi_Annan_0020.jpg,Kofi_Annan
Kofi_Annan/Kofi_Annan_0021.jpg,Kofi_Annan
Kofi_Annan/Kofi_Annan_0022.jpg,Kofi_Annan
Kofi_Annan/Kofi_Annan_0023.jpg,Kofi_Annan
Kofi_Annan/Kofi_Annan_0024.jpg,Kofi_Annan
Kofi_Annan/Kofi_Annan_0025.jpg,Kofi_Annan
Kofi_Annan/Kofi_Annan_0026.jpg,Kofi_Annan
Kofi_Annan/Kofi_Annan_0027.jpg,Kofi_Annan
Kofi_Annan/Kofi_Annan_0028.jpg,Kofi_Annan
Kofi_Annan/Kofi_Annan_0029.jpg,Kofi_Annan
Kofi_Annan/Kofi_Annan_0030.jpg,Kofi_Annan
Kofi_Annan/Kofi_Annan_0031.jpg,Kofi_Annan
Kofi_Annan/Kofi_Annan_0032.jpg,Kofi_Annan
Laura_Bush/Laura_Bush_0001.jpg,Laura_Bush
Laura_Bush/Laura_Bush_0002.jpg,Laura_Bush
Laura_Bush/Laura_Bush_0003.jpg,Laura_Bush
Laura_Bush/Laura_Bush_0004.jpg,Laura_Bush
Laura_Bush/Laura_Bush_0005.jpg,Laura_Bush
Laura_Bush/Laura_Bush_0006.jpg,Laura_Bush
Laura_Bush/Laura_Bush_0007.jpg,Laura_Bush
Laura_Bush/Laura_Bush_0008.jpg,Laura_Bush
Laura_Bush/Laura_Bush_0009.jpg,Laura_Bush
Laura_Bush/Laura_Bush_0010.jpg,Laura_Bush
Laura_Bush/Laura_Bush_0011.jpg,Laura_Bush
Laura_Bush/Laura_Bush_0012.jpg,Laura_Bush
Laura_Bush/Laura_Bush_0013.jpg,Laura_Bush
Laura_Bush/Laura_Bush_0014.jpg,Laura_Bush
Laura_Bush/Laura_Bush_0015.jpg,Laura_Bush
Laura_Bush/Laura_Bush_0016.jpg,Laura_Bush
Laura_Bush/Laura_Bush_0017.jpg,Laura_Bush
Laura_Bush/Laura_Bush_0018.jpg,Laura_Bush
Laura_Bush/Laura_Bush_0019.jpg,Laura_Bush
Laura_Bush/Laura_Bush_0020.jpg,Laura_Bush
Laura_Bush/Laura_Bush_0021.jpg,Laura_Bush
Laura_Bush/Laura_Bush_0022.jpg,Laura_Bush
Laura_Bush/Laura_Bush_0023.jpg,Laura_Bush
Laura_Bush/Laura_Bush_0024.jpg,Laura_Bush
Laura_Bush/Laura_Bush_0025.jpg,Laura_Bush
Laura_Bush/Laura_Bush_0026.jpg,Laura_Bush
Laura_Bush/Laura_Bush_0027.jpg,Laura_Bush
Laura_Bush/Laura_Bush_0028.jpg,Laura_Bush
Laura_Bush/Laura_Bush_0029.jpg,Laura_Bush
Laura_Bush/Laura_Bush_0030.jpg,Laura_Bush
Laura_Bush/Laura_Bush_0031.jpg,Laura_Bush
Laura_Bush/Laura_Bush_0032.jpg,Laura_Bush
Laura_Bush/Laura_Bush_0033.jpg,Laura_Bush
Laura_Bush/Laura_Bush_0034.jpg,Laura_Bush
Laura_Bush/Laura_Bush_0035.jpg,Laura_Bush
Laura_Bush/Laura_Bush_0036.jpg,Laura_Bush
Laura_Bush/Laura_Bush_0037.jpg,Laura_Bush
Laura_Bush/Laura_Bush_0038.jpg,Laura_Bush
Laura_Bush/Laura_Bush_0039.jpg,Laura_Bush
Laura_Bush/Laura_Bush_0040.jpg,Laura_Bush
Laura_Bush/Laura_Bush_0041.jpg,Laura_Bush
Lindsay_Davenport/Lindsay_Davenport_0001.jpg,Lindsay_Davenport
Lindsay_Davenport/Lindsay_Davenport_0002.jpg,Lindsay_Davenport
Lindsay_Davenport/Lindsay_Davenport_0003.jpg,Lindsay_Davenport
Lindsay_Davenport/Lindsay_Davenport_0004.jpg,Lindsay_Davenport
Lindsay_Davenport/Lindsay_Davenport_0005.jpg,Lindsay_Davenport
Lindsay_Davenport/Lindsay_Davenport_0006.jpg,Lindsay_Davenport
Lindsay_Davenport/Lindsay_Davenport_0007.jpg,Lindsay_Davenport
Lindsay_Davenport/Lindsay_Davenport_0008.jpg,Lindsay_Davenport
Lindsay_Davenport/Lindsay_Davenport_0009.jpg,Lindsay_Davenport
Lindsay_Davenport/Lindsay_Davenport_0010.jpg,Lindsay_Davenport
Lindsay_Davenport/Lindsay_Davenport_0011.jpg,Lindsay_Davenport
Lindsay_Davenport/Lindsay_Davenport_0012.jpg,Lindsay_Davenport
Lindsay_Davenport/Lindsay_Davenport_0013.jpg,Lindsay_Davenport
Lindsay_Davenport/Lindsay_Davenport_0014.jpg,Lindsay_Davenport
Lindsay_Davenport/Lindsay_Davenport_0015.jpg,Lindsay_Davenport
Lindsay_Davenport/Lindsay_Davenport_0016.jpg,Lindsay_Davenport
Lindsay_Davenport/Lindsay_Davenport_0017.jpg,Lindsay_Davenport
Lindsay_Davenport/Lindsay_Davenport_0018.jpg,Lindsay_Davenport
Lindsay_Davenport/Lindsay_Davenport_0019.jpg,Lindsay_Davenport
Lindsay_Davenport/Lindsay_Davenport_0020.jpg,Lindsay_Davenport
Lindsay_Davenport/Lindsay_Davenport_0021.jpg,Lindsay_Davenport
Lindsay_Davenport/Lindsay_Davenport_0022.jpg,Lindsay_Davenport
Lleyton_Hewitt/Lleyton_Hewitt_0001.jpg,Lleyton_Hewitt
Lleyton_Hewitt/Lleyton_Hewitt_0002.jpg,Lleyton_Hewitt
Lleyton_Hewitt/Lleyton_Hewitt_0003.jpg,Lleyton_Hewitt
Lleyton_Hewitt/Lleyton_Hewitt_0004.jpg,Lleyton_Hewitt
Lleyton_Hewitt/Lleyton_Hewitt_0005.jpg,Lleyton_Hewitt
Lleyton_Hewitt/Lleyton_Hewitt_0006.jpg,Lleyton_Hewitt
Lleyton_Hewitt/Lleyton_Hewitt_0007.jpg,Lleyton_Hewitt
Lleyton_Hewitt/Lleyton_Hewitt_0008.jpg,Lleyton_Hewitt
Lleyton_Hewitt/Lleyton_Hewitt_0009.jpg,Lleyton_Hewitt
Lleyton_Hewitt/Lleyton_Hewitt_0010.jpg,Lleyton_Hewitt
Lleyton_Hewitt/Lleyton_Hewitt_0011.jpg,Lleyton_Hewitt
Lleyton_Hewitt/Lleyton_Hewitt_0012.jpg,Lleyton_Hewitt
Lleyton_Hewitt/Lleyton_Hewitt_0013.jpg,Lleyton_Hewitt
Lleyton_Hewitt/Lleyton_Hewitt_0014.jpg,Lleyton_Hewitt
Lleyton_Hewitt/Lleyton_Hewitt_0015.jpg,Lleyton_Hewitt
Lleyton_Hewitt/Lleyton_Hewitt_0016.jpg,Lleyton_Hewitt
Lleyton_Hewitt/Lleyton_Hewitt_0017.jpg,Lleyton_Hewitt
Lleyton_Hewitt/Lleyton_Hewitt_0018.jpg,Lleyton_Hewitt
Lleyton_Hewitt/Lleyton_Hewitt_0019.jpg,Lleyton_Hewitt
Lleyton_Hewitt/Lleyton_Hewitt_0020.jpg,Lleyton_Hewitt
Lleyton_Hewitt/Lleyton_Hewitt_0021.jpg,Lleyton_Hewitt
Lleyton_Hewitt/Lleyton_Hewitt_0022.jpg,Lleyton_Hewitt
Lleyton_Hewitt/Lleyton_Hewitt_0023.jpg,Lleyton_Hewitt
Lleyton_Hewitt/Lleyton_Hewitt_0024.jpg,Lleyton_Hewitt
Lleyton_Hewitt/Lleyton_Hewitt_0025.jpg,Lleyton_Hewitt
Lleyton_Hewitt/Lleyton_Hewitt_0026.jpg,Lleyton_Hewitt
Lleyton_Hewitt/Lleyton_Hewitt_0027.jpg,Lleyton_Hewitt
Lleyton_Hewitt/Lleyton_Hewitt_0028.jpg,Lleyton_Hewitt
Lleyton_Hewitt/Lleyton_Hewitt_0029.jpg,Lleyton_Hewitt
Lleyton_Hewitt/Lleyton_Hewitt_0030.jpg,Lleyton_Hewitt
Lleyton_Hewitt/Lleyton_Hewitt_0031.jpg,Lleyton_Hewitt
Lleyton_Hewitt/Lleyton_Hewitt_0032.jpg,Lleyton_Hewitt
Lleyton_Hewitt/Lleyton_Hewitt_0033.jpg,Lleyton_Hewitt
Lleyton_Hewitt/Lleyton_Hewitt_0034.jpg,Lleyton_Hewitt
Lleyton_Hewitt/Lleyton_Hewitt_0035.jpg,Lleyton_Hewitt
Lleyton_Hewitt/Lleyton_Hewitt_0036.jpg,Lleyton_Hewitt
Lleyton_Hewitt/Lleyton_Hewitt_0037.jpg,Lleyton_Hewitt
Lleyton_Hewitt/Lleyton_Hewitt_0038.jpg,Lleyton_Hewitt
Lleyton_Hewitt/Lleyton_Hewitt_0039.jpg,Lleyton_Hewitt
Lleyton_Hewitt/Lleyton_Hewitt_0040.jpg,Lleyton_Hewitt
Lleyton_Hewitt/Lleyton_Hewitt_0041.jpg,Lleyton_Hewitt
Luiz_Inacio_Lula_da_Silva/Luiz_Inacio_Lula_da_Silva_0001.jpg,Luiz_Inacio_Lula_da_Silva
Luiz_Inacio_Lula_da_Silva/Luiz_Inacio_Lula_da_Silva_0002.jpg,Luiz_Inacio_Lula_da_Silva
Luiz_Inacio_Lula_da_Silva/Luiz_Inacio_Lula_da_Silva_0003.jpg,Luiz_Inacio_Lula_da_Silva
Luiz_Inacio_Lula_da_Silva/Luiz_Inacio_Lula_da_Silva_0004.jpg,Luiz_Inacio_Lula_da_Silva
Luiz_Inacio_Lula_da_Silva/Luiz_Inacio_Lula_da_Silva_0005.jpg,Luiz_Inacio_Lula_da_Silva
Luiz_Inacio_Lula_da_Silva/Luiz_Inacio_Lula_da_Silva_0006.jpg,Luiz_Inacio_Lula_da_Silva
Luiz_Inacio_Lula_da_Silva/Luiz_Inacio_Lula_da_Silva_0007.jpg,Luiz_Inacio_Lula_da_Silva
Luiz_Inacio_Lula_da_Silva/Luiz_Inacio_Lula_da_Silva_0008.jpg,Luiz_Inacio_Lula_da_Silva
Luiz_Inacio_Lula_da_Silva/Luiz_Inacio_Lula_da_Silva_0009.jpg,Luiz_Inacio_Lula_da_Silva
Luiz_Inacio_Lula_da_Silva/Luiz_Inacio_Lula_da_Silva_0010.jpg,Luiz_Inacio_Lula_da_Silva
Luiz_Inacio_Lula_da_Silva/Luiz_Inacio_Lula_da_Silva_0011.jpg,Luiz_Inacio_Lula_da_Silva
Luiz_Inacio_Lula_da_Silva/Luiz_Inacio_Lula_da_Silva_0012.jpg,Luiz_Inacio_Lula_da_Silva
Luiz_Inacio_Lula_da_Silva/Luiz_Inacio_Lula_da_Silva_0013.jpg,Luiz_Inacio_Lula_da_Silva
Luiz_Inacio_Lula_da_Silva/Luiz_Inacio_Lula_da_Silva_0014.jpg,Luiz_Inacio_Lula_da_Silva
Luiz_Inacio_Lula_da_Silva/Luiz_Inacio_Lula_da_Silva_0015.jpg,Luiz_Inacio_Lula_da_Silva
Luiz_Inacio_Lula_da_Silva/Luiz_Inacio_Lula_da_Silva_0016.jpg,Luiz_Inacio_Lula_da_Silva
Luiz_Inacio_Lula_da_Silva/Luiz_Inacio_Lula_da_Silva_0017.jpg,Luiz_Inacio_Lula_da_Silva
Luiz_Inacio_Lula_da_Silva/Luiz_Inacio_Lula_da_Silva_0018.jpg,Luiz_Inacio_Lula_da_Silva
Luiz_Inacio_Lula_da_Silva/Luiz_Inacio_Lula_da_Silva_0019.jpg,Luiz_Inacio_Lula_da_Silva
Luiz_Inacio_Lula_da_Silva/Luiz_Inacio_Lula_da_Silva_0020.jpg,Luiz_Inacio_Lula_da_Silva
Luiz_Inacio_Lula_da_Silva/Luiz_Inacio_Lula_da_Silva_0021.jpg,Luiz_Inacio_Lula_da_Silva
Luiz_Inacio_Lula_da_Silva/Luiz_Inacio_Lula_da_Silva_0022.jpg,Luiz_Inacio_Lula_da_Silva
Luiz_Inacio_Lula_da_Silva/Luiz_Inacio_Lula_da_Silva_0023.jpg,Luiz_Inacio_Lula_da_Silva
Luiz_Inacio_Lula_da_Silva/Luiz_Inacio_Lula_da_Silva_0024.jpg,Luiz_Inacio_Lula_da_Silva
Luiz_Inacio_Lula_da_Silva/Luiz_Inacio_Lula_da_Silva_0025.jpg,Luiz_Inacio_Lula_da_Silva
Luiz_Inacio_Lula_da_Silva/Luiz_Inacio_Lula_da_Silva_0026.jpg,Luiz_Inacio_Lula_da_Silva
Luiz_Inacio_Lula_da_Silva/Luiz_Inacio_Lula_da_Silva_0027.jpg,Luiz_Inacio_Lula_da_Silva
Luiz_Inacio_Lula_da_Silva/Luiz_Inacio_Lula_da_Silva_0028.jpg,Luiz_Inacio_Lula_da_Silva
Luiz_Inacio_Lula_da_Silva/Luiz_Inacio_Lula_da_Silva_0029.jpg,Luiz_Inacio_Lula_da_Silva
Luiz_Inacio_Lula_da_Silva/Luiz_Inacio_Lula_da_Silva_0030.jpg,Luiz_Inacio_Lula_da_Silva
Luiz_Inacio_Lula_da_Silva/Luiz_Inacio_Lula_da_Silva_0031.jpg,Luiz_Inacio_Lula_da_Silva
Luiz_Inacio_Lula_da_Silva/Luiz_Inacio_Lula_da_Silva_0032.jpg,Luiz_Inacio_Lula_da_Silva
Luiz_Inacio_Lula_da_Silva/Luiz_Inacio_Lula_da_Silva_0033.jpg,Luiz_Inacio_Lula_da_Silva
Luiz_Inacio_Lula_da_Silva/Luiz_Inacio_Lula_da_Silva_0034.jpg,Luiz_Inacio_Lula_da_Silva
Luiz_Inacio_Lula_da_Silva/Luiz_Inacio_Lula_da_Silva_0035.jpg,Luiz_Inacio_Lula_da_Silva
Luiz_Inacio_Lula_da_Silva/Luiz_Inacio_Lula_da_Silva_0036.jpg,Luiz_Inacio_Lula_da_Silva
Luiz_Inacio_Lula_da_Silva/Luiz_Inacio_Lula_da_Silva_0037.jpg,Luiz_Inacio_Lula_da_Silva
Luiz_Inacio_Lula_da_Silva/Luiz_Inacio_Lula_da_Silva_0038.jpg,Luiz_Inacio_Lula_da_Silva
Luiz_Inacio_Lula_da_Silva/Luiz_Inacio_Lula_da_Silva_0039.jpg,Luiz_Inacio_Lula_da_Silva
Luiz_Inacio_Lula_da_Silva/Luiz_Inacio_Lula_da_Silva_0040.jpg,Luiz_Inacio_Lula_da_Silva
Luiz_Inacio_Lula_da_Silva/Luiz_Inacio_Lula_da_Silva_0041.jpg,Luiz_Inacio_Lula_da_Silva
Luiz_Inacio_Lula_da_Silva/Luiz_Inacio_Lula_da_Silva_0042.jpg,Luiz_Inacio_Lula_da_Silva
Luiz_Inacio_Lula_da_Silva/Luiz_Inacio_Lula_da_Silva_0043.jpg,Luiz_Inacio_Lula_da_Silva
Luiz_Inacio_Lula_da_Silva/Luiz_Inacio_Lula_da_Silva_0044.jpg,Luiz_Inacio_Lula_da_Silva
Luiz_Inacio_Lula_da_Silva/Luiz_Inacio_Lula_da_Silva_0045.jpg,Luiz_Inacio_Lula_da_Silva
Luiz_Inacio_Lula_da_Silva/Luiz_Inacio_Lula_da_Silva_0046.jpg,Luiz_Inacio_Lula_da_Silva
Luiz_Inacio_Lula_da_Silva/Luiz_Inacio_Lula_da_Silva_0047.jpg,Luiz_Inacio_Lula_da_Silva
Luiz_Inacio_Lula_da_Silva/Luiz_Inacio_Lula_da_Silva_0048.jpg,Luiz_Inacio_Lula_da_Silva
Mahmoud_Abbas/Mahmoud_Abbas_0001.jpg,Mahmoud_Abbas
Mahmoud_Abbas/Mahmoud_Abbas_0002.jpg,Mahmoud_Abbas
Mahmoud_Abbas/Mahmoud_Abbas_0003.jpg,Mahmoud_Abbas
Mahmoud_Abbas/Mahmoud_Abbas_0004.jpg,Mahmoud_Abbas
Mahmoud_Abbas/Mahmoud_Abbas_0005.jpg,Mahmoud_Abbas
Mahmoud_Abbas/Mahmoud_Abbas_0006.jpg,Mahmoud_Abbas
Mahmoud_Abbas/Mahmoud_Abbas_0007.jpg,Mahmoud_Abbas
Mahmoud_Abbas/Mahmoud_Abbas_0008.jpg,Mahmoud_Abbas
Mahmoud_Abbas/Mahmoud_Abbas_0009.jpg,Mahmoud_Abbas
Mahmoud_Abbas/Mahmoud_Abbas_0010.jpg,Mahmoud_Abbas
Mahmoud_Abbas/Mahmoud_Abbas_0011.jpg,Mahmoud_Abbas
Mahmoud_Abbas/Mahmoud_Abbas_0012.jpg,Mahmoud_Abbas
Mahmoud_Abbas/Mahmoud_Abbas_0013.jpg,Mahmoud_Abbas
Mahmoud_Abbas/Mahmoud_Abbas_0014.jpg,Mahmoud_Abbas
Mahmoud_Abbas/Mahmoud_Abbas_0015.jpg,Mahmoud_Abbas
Mahmoud_Abbas/Mahmoud_Abbas_0016.jpg,Mahmoud_Abbas
Mahmoud_Abbas/Mahmoud_Abbas_0017.jpg,Mahmoud_Abbas
Mahmoud_Abbas/Mahmoud_Abbas_0018.jpg,Mahmoud_Abbas
Mahmoud_Abbas/Mahmoud_Abbas_0019.jpg,Mahmoud_Abbas
Mahmoud_Abbas/Mahmoud_Abbas_0020.jpg,Mahmoud_Abbas
Mahmoud_Abbas/Mahmoud_Abbas_0021.jpg,Mahmoud_Abbas
Mahmoud_Abbas/Mahmoud_Abbas_0022.jpg,Mahmoud_Abbas
Mahmoud_Abbas/Mahmoud_Abbas_0023.jpg,Mahmoud_Abbas
Mahmoud_Abbas/Mahmoud_Abbas_0024.jpg,Mahmoud_Abbas
Mahmoud_Abbas/Mahmoud_Abbas_0025.jpg,Mahmoud_Abbas
Mahmoud_Abbas/Mahmoud_Abbas_0026.jpg,Mahmoud_Abbas
Mahmoud_Abbas/Mahmoud_Abbas_0027.jpg,Mahmoud_Abbas
Mahmoud_Abbas/Mahmoud_Abbas_0028.jpg,Mahmoud_Abbas
Mahmoud_Abbas/Mahmoud_Abbas_0029.jpg,Mahmoud_Abbas
Megawati_Sukarnoputri/Megawati_Sukarnoputri_0001.jpg,Megawati_Sukarnoputri
Megawati_Sukarnoputri/Megawati_Sukarnoputri_0002.jpg,Megawati_Sukarnoputri
Megawati_Sukarnoputri/Megawati_Sukarnoputri_0003.jpg,Megawati_Sukarnoputri
Megawati_Sukarnoputri/Megawati_Sukarnoputri_0004.jpg,Megawati_Sukarnoputri
Megawati_Sukarnoputri/Megawati_Sukarnoputri_0005.jpg,Megawati_Sukarnoputri
Megawati_Sukarnoputri/Megawati_Sukarnoputri_0006.jpg,Megawati_Sukarnoputri
Megawati_Sukarnoputri/Megawati_Sukarnoputri_0007.jpg,Megawati_Sukarnoputri
Megawati_Sukarnoputri/Megawati_Sukarnoputri_0008.jpg,Megawati_Sukarnoputri
Megawati_Sukarnoputri/Megawati_Sukarnoputri_0009.jpg,Megawati_Sukarnoputri
Megawati_Sukarnoputri/Megawati_Sukarnoputri_0010.jpg,Megawati_Sukarnoputri
Megawati_Sukarnoputri/Megawati_Sukarnoputri_0011.jpg,Megawati_Sukarnoputri
Megawati_Sukarnoputri/Megawati_Sukarnoputri_0012.jpg,Megawati_Sukarnoputri
Megawati_Sukarnoputri/Megawati_Sukarnoputri_0013.jpg,Megawati_Sukarnoputri
Megawati_Sukarnoputri/Megawati_Sukarnoputri_0014.jpg,Megawati_Sukarnoputri
Megawati_Sukarnoputri/Megawati_Sukarnoputri_0015.jpg,Megawati_Sukarnoputri
Megawati_Sukarnoputri/Megawati_Sukarnoputri_0016.jpg,Megawati_Sukarnoputri
Megawati_Sukarnoputri/Megawati_Sukarnoputri_0017.jpg,Megawati_Sukarnoputri
Megawati_Sukarnoputri/Megawati_Sukarnoputri_0018.jpg,Megawati_Sukarnoputri
Megawati_Sukarnoputri/Megawati_Sukarnoputri_0019.jpg,Megawati_Sukarnoputri
Megawati_Sukarnoputri/Megawati_Sukarnoputri_0020.jpg,Megawati_Sukarnoputri
Megawati_Sukarnoputri/Megawati_Sukarnoputri_0021.jpg,Megawati_Sukarnoputri
Megawati_Sukarnoputri/Megawati_Sukarnoputri_0022.jpg,Megawati_Sukarnoputri
Megawati_Sukarnoputri/Megawati_Sukarnoputri_0023.jpg,Megawati_Sukarnoputri
Megawati_Sukarnoputri/Megawati_Sukarnoputri_0024.jpg,Megawati_Sukarnoputri
Megawati_Sukarnoputri/Megawati_Sukarnoputri_0025.jpg,Megawati_Sukarnoputri
Megawati_Sukarnoputri/Megawati_Sukarnoputri_0026.jpg,Megawati_Sukarnoputri
Megawati_Sukarnoputri/Megawati_Sukarnoputri_0027.jpg,Megawati_Sukarnoputri
Megawati_Sukarnoputri/Megawati_Sukarnoputri_0028.jpg,Megawati_Sukarnoputri
Megawati_Sukarnoputri/Megawati_Sukarnoputri_0029.jpg,Megawati_Sukarnoputri
Megawati_Sukarnoputri/Megawati_Sukarnoputri_0030.jpg,Megawati_Sukarnoputri
Megawati_Sukarnoputri/Megawati_Sukarnoputri_0031.jpg,Megawati_Sukarnoputri
Megawati_Sukarnoputri/Megawati_Sukarnoputri_0032.jpg,Megawati_Sukarnoputri
Megawati_Sukarnoputri/Megawati_Sukarnoputri_0033.jpg,Megawati_Sukarnoputri
Michael_Bloomberg/Michael_Bloomberg_0001.jpg,Michael_Bloomberg
Michael_Bloomberg/Michael_Bloomberg_0002.jpg,Michael_Bloomberg
Michael_Bloomberg/Michael_Bloomberg_0003.jpg,Michael_Bloomberg
Michael_Bloomberg/Michael_Bloomberg_0004.jpg,Michael_Bloomberg
Michael_Bloomberg/Michael_Bloomberg_0005.jpg,Michael_Bloomberg
Michael_Bloomberg/Michael_Bloomberg_0006.jpg,Michael_Bloomberg
Michael_Bloomberg/Michael_Bloomberg_0007.jpg,Michael_Bloomberg
Michael_Bloomberg/Michael_Bloomberg_0008.jpg,Michael_Bloomberg
Michael_Bloomberg/Michael_Bloomberg_0009.jpg,Michael_Bloomberg
Michael_Bloomberg/Michael_Bloomberg_0010.jpg,Michael_Bloomberg
Michael_Bloomberg/Michael_Bloomberg_0011.jpg,Michael_Bloomberg
Michael_Bloomberg/Michael_Bloomberg_0012.jpg,Michael_Bloomberg
Michael_Bloomberg/Michael_Bloomberg_0013.jpg,Michael_Bloomberg
Michael_Bloomberg/Michael_Bloomberg_0014.jpg,Michael_Bloomberg
Michael_Bloomberg/Michael_Bloomberg_0015.jpg,Michael_Bloomberg
Michael_Bloomberg/Michael_Bloomberg_0016.jpg,Michael_Bloomberg
Michael_Bloomberg/Michael_Bloomberg_0017.jpg,Michael_Bloomberg
Michael_Bloomberg/Michael_Bloomberg_0018.jpg,Michael_Bloomberg
Michael_Bloomberg/Michael_Bloomberg_0019.jpg,Michael_Bloomberg
Michael_Bloomberg/Michael_Bloomberg_0020.jpg,Michael_Bloomberg
Naomi_Watts/Naomi_Watts_0001.jpg,Naomi_Watts
Naomi_Watts/Naomi_Watts_0002.jpg,Naomi_Watts
Naomi_Watts/Naomi_Watts_0003.jpg,Naomi_Watts
Naomi_Watts/Naomi_Watts_0004.jpg,Naomi_Watts
Naomi_Watts/Naomi_Watts_0005.jpg,Naomi_Watts
Naomi_Watts/Naomi_Watts_0006.jpg,Naomi_Watts
Naomi_Watts/Naomi_Watts_0007.jpg,Naomi_Watts
Naomi_Watts/Naomi_Watts_0008.jpg,Naomi_Watts
Naomi_Watts/Naomi_Watts_0009.jpg,Naomi_Watts
Naomi_Watts/Naomi_Watts_0010.jpg,Naomi_Watts
Naomi_Watts/Naomi_Watts_0011.jpg,Naomi_Watts
Naomi_Watts/Naomi_Watts_0012.jpg,Naomi_Watts
Naomi_Watts/Naomi_Watts_0013.jpg,Naomi_Watts
Naomi_Watts/Naomi_Watts_0014.jpg,Naomi_Watts
Naomi_Watts/Naomi_Watts_0015.jpg,Naomi_Watts
Naomi_Watts/Naomi_Watts_0016.jpg,Naomi_Watts
Naomi_Watts/Naomi_Watts_0017.jpg,Naomi_Watts
Naomi_Watts/Naomi_Watts_0018.jpg,Naomi_Watts
Naomi_Watts/Naomi_Watts_0019.jpg,Naomi_Watts
Naomi_Watts/Naomi_Watts_0020.jpg,Naomi_Watts
Naomi_Watts/Naomi_Watts_0021.jpg,Naomi_Watts
Naomi_Watts/Naomi_Watts_0022.jpg,Naomi_Watts
Nestor_Kirchner/Nestor_Kirchner_0001.jpg,Nestor_Kirchner
Nestor_Kirchner/Nestor_Kirchner_0002.jpg,Nestor_Kirchner
Nestor_Kirchner/Nestor_Kirchner_0003.jpg,Nestor_Kirchner
Nestor_Kirchner/Nestor_Kirchner_0004.jpg,Nestor_Kirchner
Nestor_Kirchner/Nestor_Kirchner_0005.jpg,Nestor_Kirchner
Nestor_Kirchner/Nestor_Kirchner_0006.jpg,Nestor_Kirchner
Nestor_Kirchner/Nestor_Kirchner_0007.jpg,Nestor_Kirchner
Nestor_Kirchner/Nestor_Kirchner_0008.jpg,Nestor_Kirchner
Nestor_Kirchner/Nestor_Kirchner_0009.jpg,Nestor_Kirchner
Nestor_Kirchner/Nestor_Kirchner_0010.jpg,Nestor_Kirchner
Nestor_Kirchner/Nestor_Kirchner_0011.jpg,Nestor_Kirchner
Nestor_Kirchner/Nestor_Kirchner_0012.jpg,Nestor_Kirchner
Nestor_Kirchner/Nestor_Kirchner_0013.jpg,Nestor_Kirchner
Nestor_Kirchner/Nestor_Kirchner_0014.jpg,Nestor_Kirchner
Nestor_Kirchner/Nestor_Kirchner_0015.jpg,Nestor_Kirchner
Nestor_Kirchner/Nestor_Kirchner_0016.jpg,Nestor_Kirchner
Nestor_Kirchner/Nestor_Kirchner_0017.jpg,Nestor_Kirchner
Nestor_Kirchner/Nestor_Kirchner_0018.jpg,Nestor_Kirchner
Nestor_Kirchner/Nestor_Kirchner_0019.jpg,Nestor_Kirchner
Nestor_Kirchner/Nestor_Kirchner_0020.jpg,Nestor_Kirchner
Nestor_Kirchner/Nestor_Kirchner_0021.jpg,Nestor_Kirchner
Nestor_Kirchner/Nestor_Kirchner_0022.jpg,Nestor_Kirchner
Nestor_Kirchner/Nestor_Kirchner_0023.jpg,Nestor_Kirchner
Nestor_Kirchner/Nestor_Kirchner_0024.jpg,Nestor_Kirchner
Nestor_Kirchner/Nestor_Kirchner_0025.jpg,Nestor_Kirchner
Nestor_Kirchner/Nestor_Kirchner_0026.jpg,Nestor_Kirchner
Nestor_Kirchner/Nestor_Kirchner_0027.jpg,Nestor_Kirchner
Nestor_Kirchner/Nestor_Kirchner_0028.jpg,Nestor_Kirchner
Nestor_Kirchner/Nestor_Kirchner_0029.jpg,Nestor_Kirchner
Nestor_Kirchner/Nestor_Kirchner_0030.jpg,Nestor_Kirchner
Nestor_Kirchner/Nestor_Kirchner_0031.jpg,Nestor_Kirchner
Nestor_Kirchner/Nestor_Kirchner_0032.jpg,Nestor_Kirchner
Nestor_Kirchner/Nestor_Kirchner_0033.jpg,Nestor_Kirchner
Nestor_Kirchner/Nestor_Kirchner_0034.jpg,Nestor_Kirchner
Nestor_Kirchner/Nestor_Kirchner_0035.jpg,Nestor_Kirchner
Nestor_Kirchner/Nestor_Kirchner_0036.jpg,Nestor_Kirchner
Nestor_Kirchner/Nestor_Kirchner_0037.jpg,Nestor_Kirchner
Paul_Bremer/Paul_Bremer_0001.jpg,Paul_Bremer
Paul_Bremer/Paul_Bremer_0002.jpg,Paul_Bremer
Paul_Bremer/Paul_Bremer_0003.jpg,Paul_Bremer
Paul_Bremer/Paul_Bremer_0004.jpg,Paul_Bremer
Paul_Bremer/Paul_Bremer_0005.jpg,Paul_Bremer
Paul_Bremer/Paul_Bremer_0006.jpg,Paul_Bremer
Paul_Bremer/Paul_Bremer_0007.jpg,Paul_Bremer
Paul_Bremer/Paul_Bremer_0008.jpg,Paul_Bremer
Paul_Bremer/Paul_Bremer_0009.jpg,Paul_Bremer
Paul_Bremer/Paul_Bremer_0010.jpg,Paul_Bremer
Paul_Bremer/Paul_Bremer_0011.jpg,Paul_Bremer
Paul_Bremer/Paul_Bremer_0012.jpg,Paul_Bremer
Paul_Bremer/Paul_Bremer_0013.jpg,Paul_Bremer
Paul_Bremer/Paul_Bremer_0014.jpg,Paul_Bremer
Paul_Bremer/Paul_Bremer_0015.jpg,Paul_Bremer
Paul_Bremer/Paul_Bremer_0016.jpg,Paul_Bremer
Paul_Bremer/Paul_Bremer_0017.jpg,Paul_Bremer
Paul_Bremer/Paul_Bremer_0018.jpg,Paul_Bremer
Paul_Bremer/Paul_Bremer_0019.jpg,Paul_Bremer
Paul_Bremer/Paul_Bremer_0020.jpg,Paul_Bremer
Pete_Sampras/Pete_Sampras_0001.jpg,Pete_Sampras
Pete_Sampras/Pete_Sampras_0002.jpg,Pete_Sampras
Pete_Sampras/Pete_Sampras_0003.jpg,Pete_Sampras
Pete_Sampras/Pete_Sampras_0004.jpg,Pete_Sampras
Pete_Sampras/Pete_Sampras_0005.jpg,Pete_Sampras
Pete_Sampras/Pete_Sampras_0006.jpg,Pete_Sampras
Pete_Sampras/Pete_Sampras_0007.jpg,Pete_Sampras
Pete_Sampras/Pete_Sampras_0008.jpg,Pete_Sampras
Pete_Sampras/Pete_Sampras_0009.jpg,Pete_Sampras
Pete_Sampras/Pete_Sampras_0010.jpg,Pete_Sampras
Pete_Sampras/Pete_Sampras_0011.jpg,Pete_Sampras
Pete_Sampras/Pete_Sampras_0012.jpg,Pete_Sampras
Pete_Sampras/Pete_Sampras_0013.jpg,Pete_Sampras
Pete_Sampras/Pete_Sampras_0014.jpg,Pete_Sampras
Pete_Sampras/Pete_Sampras_0015.jpg,Pete_Sampras
Pete_Sampras/Pete_Sampras_0016.jpg,Pete_Sampras
Pete_Sampras/Pete_Sampras_0017.jpg,Pete_Sampras
Pete_Sampras/Pete_Sampras_0018.jpg,Pete_Sampras
Pete_Sampras/Pete_Sampras_0019.jpg,Pete_Sampras
Pete_Sampras/Pete_Sampras_0020.jpg,Pete_Sampras
Pete_Sampras/Pete_Sampras_0021.jpg,Pete_Sampras
Pete_Sampras/Pete_Sampras_0022.jpg,Pete_Sampras
Recep_Tayyip_Erdogan/Recep_Tayyip_Erdogan_0001.jpg,Recep_Tayyip_Erdogan
Recep_Tayyip_Erdogan/Recep_Tayyip_Erdogan_0002.jpg,Recep_Tayyip_Erdogan
Recep_Tayyip_Erdogan/Recep_Tayyip_Erdogan_0003.jpg,Recep_Tayyip_Erdogan
Recep_Tayyip_Erdogan/Recep_Tayyip_Erdogan_0004.jpg,Recep_Tayyip_Erdogan
Recep_Tayyip_Erdogan/Recep_Tayyip_Erdogan_0005.jpg,Recep_Tayyip_Erdogan
Recep_Tayyip_Erdogan/Recep_Tayyip_Erdogan_0006.jpg,Recep_Tayyip_Erdogan
Recep_Tayyip_Erdogan/Recep_Tayyip_Erdogan_0007.jpg,Recep_Tayyip_Erdogan
Recep_Tayyip_Erdogan/Recep_Tayyip_Erdogan_0008.jpg,Recep_Tayyip_Erdogan
Recep_Tayyip_Erdogan/Recep_Tayyip_Erdogan_0009.jpg,Recep_Tayyip_Erdogan
Recep_Tayyip_Erdogan/Recep_Tayyip_Erdogan_0010.jpg,Recep_Tayyip_Erdogan
Recep_Tayyip_Erdogan/Recep_Tayyip_Erdogan_0011.jpg,Recep_Tayyip_Erdogan
Recep_Tayyip_Erdogan/Recep_Tayyip_Erdogan_0012.jpg,Recep_Tayyip_Erdogan
Recep_Tayyip_Erdogan/Recep_Tayyip_Erdogan_0013.jpg,Recep_Tayyip_Erdogan
Recep_Tayyip_Erdogan/Recep_Tayyip_Erdogan_0014.jpg,Recep_Tayyip_Erdogan
Recep_Tayyip_Erdogan/Recep_Tayyip_Erdogan_0015.jpg,Recep_Tayyip_Erdogan
Recep_Tayyip_Erdogan/Recep_Tayyip_Erdogan_0016.jpg,Recep_Tayyip_Erdogan
Recep_Tayyip_Erdogan/Recep_Tayyip_Erdogan_0017.jpg,Recep_Tayyip_Erdogan
Recep_Tayyip_Erdogan/Recep_Tayyip_Erdogan_0018.jpg,Recep_Tayyip_Erdogan
Recep_Tayyip_Erdogan/Recep_Tayyip_Erdogan_0019.jpg,Recep_Tayyip_Erdogan
Recep_Tayyip_Erdogan/Recep_Tayyip_Erdogan_0020.jpg,Recep_Tayyip_Erdogan
Recep_Tayyip_Erdogan/Recep_Tayyip_Erdogan_0021.jpg,Recep_Tayyip_Erdogan
Recep_Tayyip_Erdogan/Recep_Tayyip_Erdogan_0022.jpg,Recep_Tayyip_Erdogan
Recep_Tayyip_Erdogan/Recep_Tayyip_Erdogan_0023.jpg,Recep_Tayyip_Erdogan
Recep_Tayyip_Erdogan/Recep_Tayyip_Erdogan_0024.jpg,Recep_Tayyip_Erdogan
Recep_Tayyip_Erdogan/Recep_Tayyip_Erdogan_0025.jpg,Recep_Tayyip_Erdogan
Recep_Tayyip_Erdogan/Recep_Tayyip_Erdogan_0026.jpg,Recep_Tayyip_Erdogan
Recep_Tayyip_Erdogan/Recep_Tayyip_Erdogan_0027.jpg,Recep_Tayyip_Erdogan
Recep_Tayyip_Erdogan/Recep_Tayyip_Erdogan_0028.jpg,Recep_Tayyip_Erdogan
Recep_Tayyip_Erdogan/Recep_Tayyip_Erdogan_0029.jpg,Recep_Tayyip_Erdogan
Recep_Tayyip_Erdogan/Recep_Tayyip_Erdogan_0030.jpg,Recep_Tayyip_Erdogan
Ricardo_Lagos/Ricardo_Lagos_0001.jpg,Ricardo_Lagos
Ricardo_Lagos/Ricardo_Lagos_0002.jpg,Ricardo_Lagos
Ricardo_Lagos/Ricardo_Lagos_0003.jpg,Ricardo_Lagos
Ricardo_Lagos/Ricardo_Lagos_0004.jpg,Ricardo_Lagos
Ricardo_Lagos/Ricardo_Lagos_0005.jpg,Ricardo_Lagos
Ricardo_Lagos/Ricardo_Lagos_0006.jpg,Ricardo_Lagos
Ricardo_Lagos/Ricardo_Lagos_0007.jpg,Ricardo_Lagos
Ricardo_Lagos/Ricardo_Lagos_0008.jpg,Ricardo_Lagos
Ricardo_Lagos/Ricardo_Lagos_0009.jpg,Ricardo_Lagos
Ricardo_Lagos/Ricardo_Lagos_0010.jpg,Ricardo_Lagos
Ricardo_Lagos/Ricardo_Lagos_0011.jpg,Ricardo_Lagos
Ricardo_Lagos/Ricardo_Lagos_0012.jpg,Ricardo_Lagos
Ricardo_Lagos/Ricardo_Lagos_0013.jpg,Ricardo_Lagos
Ricardo_Lagos/Ricardo_Lagos_0014.jpg,Ricardo_Lagos
Ricardo_Lagos/Ricardo_Lagos_0015.jpg,Ricardo_Lagos
Ricardo_Lagos/Ricardo_Lagos_0016.jpg,Ricardo_Lagos
Ricardo_Lagos/Ricardo_Lagos_0017.jpg,Ricardo_Lagos
Ricardo_Lagos/Ricardo_Lagos_0018.jpg,Ricardo_Lagos
Ricardo_Lagos/Ricardo_Lagos_0019.jpg,Ricardo_Lagos
Ricardo_Lagos/Ricardo_Lagos_0020.jpg,Ricardo_Lagos
Ricardo_Lagos/Ricardo_Lagos_0021.jpg,Ricardo_Lagos
Ricardo_Lagos/Ricardo_Lagos_0022.jpg,Ricardo_Lagos
Ricardo_Lagos/Ricardo_Lagos_0023.jpg,Ricardo_Lagos
Ricardo_Lagos/Ricardo_Lagos_0024.jpg,Ricardo_Lagos
Ricardo_Lagos/Ricardo_Lagos_0025.jpg,Ricardo_Lagos
Ricardo_Lagos/Ricardo_Lagos_0026.jpg,Ricardo_Lagos
Ricardo_Lagos/Ricardo_Lagos_0027.jpg,Ricardo_Lagos
Roh_Moo-hyun/Roh_Moo-hyun_0001.jpg,Roh_Moo-hyun
Roh_Moo-hyun/Roh_Moo-hyun_0002.jpg,Roh_Moo-hyun
Roh_Moo-hyun/Roh_Moo-hyun_0003.jpg,Roh_Moo-hyun
Roh_Moo-hyun/Roh_Moo-hyun_0004.jpg,Roh_Moo-hyun
Roh_Moo-hyun/Roh_Moo-hyun_0005.jpg,Roh_Moo-hyun
Roh_Moo-hyun/Roh_Moo-hyun_0006.jpg,Roh_Moo-hyun
Roh_Moo-hyun/Roh_Moo-hyun_0007.jpg,Roh_Moo-hyun
Roh_Moo-hyun/Roh_Moo-hyun_0008.jpg,Roh_Moo-hyun
Roh_Moo-hyun/Roh_Moo-hyun_0009.jpg,Roh_Moo-hyun
Roh_Moo-hyun/Roh_Moo-hyun_0010.jpg,Roh_Moo-hyun
Roh_Moo-hyun/Roh_Moo-hyun_0011.jpg,Roh_Moo-hyun
Roh_Moo-hyun/Roh_Moo-hyun_0012.jpg,Roh_Moo-hyun
Roh_Moo-hyun/Roh_Moo-hyun_0013.jpg,Roh_Moo-hyun
Roh_Moo-hyun/Roh_Moo-hyun_0014.jpg,Roh_Moo-hyun
Roh_Moo-hyun/Roh_Moo-hyun_0015.jpg,Roh_Moo-hyun
Roh_Moo-hyun/Roh_Moo-hyun_0016.jpg,Roh_Moo-hyun
Roh_Moo-hyun/Roh_Moo-hyun_0017.jpg,Roh_Moo-hyun
Roh_Moo-hyun/Roh_Moo-hyun_0018.jpg,Roh_Moo-hyun
Roh_Moo-hyun/Roh_Moo-hyun_0019.jpg,Roh_Moo-hyun
Roh_Moo-hyun/Roh_Moo-hyun_0020.jpg,Roh_Moo-hyun
Roh_Moo-hyun/Roh_Moo-hyun_0021.jpg,Roh_Moo-hyun
Roh_Moo-hyun/Roh_Moo-hyun_0022.jpg,Roh_Moo-hyun
Roh_Moo-hyun/Roh_Moo-hyun_0023.jpg,Roh_Moo-hyun
Roh_Moo-hyun/Roh_Moo-hyun_0024.jpg,Roh_Moo-hyun
Roh_Moo-hyun/Roh_Moo-hyun_0025.jpg,Roh_Moo-hyun
Roh_Moo-hyun/Roh_Moo-hyun_0026.jpg,Roh_Moo-hyun
Roh_Moo-hyun/Roh_Moo-hyun_0027.jpg,Roh_Moo-hyun
Roh_Moo-hyun/Roh_Moo-hyun_0028.jpg,Roh_Moo-hyun
Roh_Moo-hyun/Roh_Moo-hyun_0029.jpg,Roh_Moo-hyun
Roh_Moo-hyun/Roh_Moo-hyun_0030.jpg,Roh_Moo-hyun
Roh_Moo-hyun/Roh_Moo-hyun_0031.jpg,Roh_Moo-hyun
Roh_Moo-hyun/Roh_Moo-hyun_0032.jpg,Roh_Moo-hyun
Rudolph_Giuliani/Rudolph_Giuliani_0001.jpg,Rudolph_Giuliani
Rudolph_Giuliani/Rudolph_Giuliani_0002.jpg,Rudolph_Giuliani
Rudolph_Giuliani/Rudolph_Giuliani_0003.jpg,Rudolph_Giuliani
Rudolph_Giuliani/Rudolph_Giuliani_0004.jpg,Rudolph_Giuliani
Rudolph_Giuliani/Rudolph_Giuliani_0005.jpg,Rudolph_Giuliani
Rudolph_Giuliani/Rudolph_Giuliani_0006.jpg,Rudolph_Giuliani
Rudolph_Giuliani/Rudolph_Giuliani_0007.jpg,Rudolph_Giuliani
Rudolph_Giuliani/Rudolph_Giuliani_0008.jpg,Rudolph_Giuliani
Rudolph_Giuliani/Rudolph_Giuliani_0009.jpg,Rudolph_Giuliani
Rudolph_Giuliani/Rudolph_Giuliani_0010.jpg,Rudolph_Giuliani
Rudolph_Giuliani/Rudolph_Giuliani_0011.jpg,Rudolph_Giuliani
Rudolph_Giuliani/Rudolph_Giuliani_0012.jpg,Rudolph_Giuliani
Rudolph_Giuliani/Rudolph_Giuliani_0013.jpg,Rudolph_Giuliani
Rudolph_Giuliani/Rudolph_Giuliani_0014.jpg,Rudolph_Giuliani
Rudolph_Giuliani/Rudolph_Giuliani_0015.jpg,Rudolph_Giuliani
Rudolph_Giuliani/Rudolph_Giuliani_0016.jpg,Rudolph_Giuliani
Rudolph_Giuliani/Rudolph_Giuliani_0017.jpg,Rudolph_Giuliani
Rudolph_Giuliani/Rudolph_Giuliani_0018.jpg,Rudolph_Giuliani
Rudolph_Giuliani/Rudolph_Giuliani_0019.jpg,Rudolph_Giuliani
Rudolph_Giuliani/Rudolph_Giuliani_0020.jpg,Rudolph_Giuliani
Rudolph_Giuliani/Rudolph_Giuliani_0021.jpg,Rudolph_Giuliani
Rudolph_Giuliani/Rudolph_Giuliani_0022.jpg,Rudolph_Giuliani
Rudolph_Giuliani/Rudolph_Giuliani_0023.jpg,Rudolph_Giuliani
Rudolph_Giuliani/Rudolph_Giuliani_0024.jpg,Rudolph_Giuliani
Rudolph_Giuliani/Rudolph_Giuliani_0025.jpg,Rudolph_Giuliani
Rudolph_Giuliani/Rudolph_Giuliani_0026.jpg,Rudolph_Giuliani
Saddam_Hussein/Saddam_Hussein_0001.jpg,Saddam_Hussein
Saddam_Hussein/Saddam_Hussein_0002.jpg,Saddam_Hussein
Saddam_Hussein/Saddam_Hussein_0003.jpg,Saddam_Hussein
Saddam_Hussein/Saddam_Hussein_0004.jpg,Saddam_Hussein
Saddam_Hussein/Saddam_Hussein_0005.jpg,Saddam_Hussein
Saddam_Hussein/Saddam_Hussein_0006.jpg,Saddam_Hussein
Saddam_Hussein/Saddam_Hussein_0007.jpg,Saddam_Hussein
Saddam_Hussein/Saddam_Hussein_0008.jpg,Saddam_Hussein
Saddam_Hussein/Saddam_Hussein_0009.jpg,Saddam_Hussein
Saddam_Hussein/Saddam_Hussein_0010.jpg,Saddam_Hussein
Saddam_Hussein/Saddam_Hussein_0011.jpg,Saddam_Hussein
Saddam_Hussein/Saddam_Hussein_0012.jpg,Saddam_Hussein
Saddam_Hussein/Saddam_Hussein_0013.jpg,Saddam_Hussein
Saddam_Hussein/Saddam_Hussein_0014.jpg,Saddam_Hussein
Saddam_Hussein/Saddam_Hussein_0015.jpg,Saddam_Hussein
Saddam_Hussein/Saddam_Hussein_0016.jpg,Saddam_Hussein
Saddam_Hussein/Saddam_Hussein_0017.jpg,Saddam_Hussein
Saddam_Hussein/Saddam_Hussein_0018.jpg,Saddam_Hussein
Saddam_Hussein/Saddam_Hussein_0019.jpg,Saddam_Hussein
Saddam_Hussein/Saddam_Hussein_0020.jpg,Saddam_Hussein
Saddam_Hussein/Saddam_Hussein_0021.jpg,Saddam_Hussein
Saddam_Hussein/Saddam_Hussein_0022.jpg,Saddam_Hussein
Saddam_Hussein/Saddam_Hussein_0023.jpg,Saddam_Hussein
Serena_Williams/Serena_Williams_0001.jpg,Serena_Williams
Serena_Williams/Serena_Williams_0002.jpg,Serena_Williams
Serena_Williams/Serena_Williams_0003.jpg,Serena_Williams
Serena_Williams/Serena_Williams_0004.jpg,Serena_Williams
Serena_Williams/Serena_Williams_0005.jpg,Serena_Williams
Serena_Williams/Serena_Williams_0006.jpg,Serena_Williams
Serena_Williams/Serena_Williams_0007.jpg,Serena_Williams
Serena_Williams/Serena_Williams_0008.jpg,Serena_Williams
Serena_Williams/Serena_Williams_0009.jpg,Serena_Williams
Serena_Williams/Serena_Williams_0010.jpg,Serena_Williams
Serena_Williams/Serena_Williams_0011.jpg,Serena_Williams
Serena_Williams/Serena_Williams_0012.jpg,Serena_Williams
Serena_Williams/Serena_Williams_0013.jpg,Serena_Williams
Serena_Williams/Serena_Williams_0014.jpg,Serena_Williams
Serena_Williams/Serena_Williams_0015.jpg,Serena_Williams
Serena_Williams/Serena_Williams_0016.jpg,Serena_Williams
Serena_Williams/Serena_Williams_0017.jpg,Serena_Williams
Serena_Williams/Serena_Williams_0018.jpg,Serena_Williams
Serena_Williams/Serena_Williams_0019.jpg,Serena_Williams
Serena_Williams/Serena_Williams_0020.jpg,Serena_Williams
Serena_Williams/Serena_Williams_0021.jpg,Serena_Williams
Serena_Williams/Serena_Williams_0022.jpg,Serena_Williams
Serena_Williams/Serena_Williams_0023.jpg,Serena_Williams
Serena_Williams/Serena_Williams_0024.jpg,Serena_Williams
Serena_Williams/Serena_Williams_0025.jpg,Serena_Williams
Serena_Williams/Serena_Williams_0026.jpg,Serena_Williams
Serena_Williams/Serena_Williams_0027.jpg,Serena_Williams
Serena_Williams/Serena_Williams_0028.jpg,Serena_Williams
Serena_Williams/Serena_Williams_0029.jpg,Serena_Williams
Serena_Williams/Serena_Williams_0030.jpg,Serena_Williams
Serena_Williams/Serena_Williams_0031.jpg,Serena_Williams
Serena_Williams/Serena_Williams_0032.jpg,Serena_Williams
Serena_Williams/Serena_Williams_0033.jpg,Serena_Williams
Serena_Williams/Serena_Williams_0034.jpg,Serena_Williams
Serena_Williams/Serena_Williams_0035.jpg,Serena_Williams
Serena_Williams/Serena_Williams_0036.jpg,Serena_Williams
Serena_Williams/Serena_Williams_0037.jpg,Serena_Williams
Serena_Williams/Serena_Williams_0038.jpg,Serena_Williams
Serena_Williams/Serena_Williams_0039.jpg,Serena_Williams
Serena_Williams/Serena_Williams_0040.jpg,Serena_Williams
Serena_Williams/Serena_Williams_0041.jpg,Serena_Williams
Serena_Williams/Serena_Williams_0042.jpg,Serena_Williams
Serena_Williams/Serena_Williams_0043.jpg,Serena_Williams
Serena_Williams/Serena_Williams_0044.jpg,Serena_Williams
Serena_Williams/Serena_Williams_0045.jpg,Serena_Williams
Serena_Williams/Serena_Williams_0046.jpg,Serena_Williams
Serena_Williams/Serena_Williams_0047.jpg,Serena_Williams
Serena_Williams/Serena_Williams_0048.jpg,Serena_Williams
Serena_Williams/Serena_Williams_0049.jpg,Serena_Williams
Serena_Williams/Serena_Williams_0050.jpg,Serena_Williams
Serena_Williams/Serena_Williams_0051.jpg,Serena_Williams
Serena_Williams/Serena_Williams_0052.jpg,Serena_Williams
Silvio_Berlusconi/Silvio_Berlusconi_0001.jpg,Silvio_Berlusconi
Silvio_Berlusconi/Silvio_Berlusconi_0002.jpg,Silvio_Berlusconi
Silvio_Berlusconi/Silvio_Berlusconi_0003.jpg,Silvio_Berlusconi
Silvio_Berlusconi/Silvio_Berlusconi_0004.jpg,Silvio_Berlusconi
Silvio_Berlusconi/Silvio_Berlusconi_0005.jpg,Silvio_Berlusconi
Silvio_Berlusconi/Silvio_Berlusconi_0006.jpg,Silvio_Berlusconi
Silvio_Berlusconi/Silvio_Berlusconi_0007.jpg,Silvio_Berlusconi
Silvio_Berlusconi/Silvio_Berlusconi_0008.jpg,Silvio_Berlusconi
Silvio_Berlusconi/Silvio_Berlusconi_0009.jpg,Silvio_Berlusconi
Silvio_Berlusconi/Silvio_Berlusconi_0010.jpg,Silvio_Berlusconi
Silvio_Berlusconi/Silvio_Berlusconi_0011.jpg,Silvio_Berlusconi
Silvio_Berlusconi/Silvio_Berlusconi_0012.jpg,Silvio_Berlusconi
Silvio_Berlusconi/Silvio_Berlusconi_0013.jpg,Silvio_Berlusconi
Silvio_Berlusconi/Silvio_Berlusconi_0014.jpg,Silvio_Berlusconi
Silvio_Berlusconi/Silvio_Berlusconi_0015.jpg,Silvio_Berlusconi
Silvio_Berlusconi/Silvio_Berlusconi_0016.jpg,Silvio_Berlusconi
Silvio_Berlusconi/Silvio_Berlusconi_0017.jpg,Silvio_Berlusconi
Silvio_Berlusconi/Silvio_Berlusconi_0018.jpg,Silvio_Berlusconi
Silvio_Berlusconi/Silvio_Berlusconi_0019.jpg,Silvio_Berlusconi
Silvio_Berlusconi/Silvio_Berlusconi_0020.jpg,Silvio_Berlusconi
Silvio_Berlusconi/Silvio_Berlusconi_0021.jpg,Silvio_Berlusconi
Silvio_Berlusconi/Silvio_Berlusconi_0022.jpg,Silvio_Berlusconi
Silvio_Berlusconi/Silvio_Berlusconi_0023.jpg,Silvio_Berlusconi
Silvio_Berlusconi/Silvio_Berlusconi_0024.jpg,Silvio_Berlusconi
Silvio_Berlusconi/Silvio_Berlusconi_0025.jpg,Silvio_Berlusconi
Silvio_Berlusconi/Silvio_Berlusconi_0026.jpg,Silvio_Berlusconi
Silvio_Berlusconi/Silvio_Berlusconi_0027.jpg,Silvio_Berlusconi
Silvio_Berlusconi/Silvio_Berlusconi_0028.jpg,Silvio_Berlusconi
Silvio_Berlusconi/Silvio_Berlusconi_0029.jpg,Silvio_Berlusconi
Silvio_Berlusconi/Silvio_Berlusconi_0030.jpg,Silvio_Berlusconi
Silvio_Berlusconi/Silvio_Berlusconi_0031.jpg,Silvio_Berlusconi
Silvio_Berlusconi/Silvio_Berlusconi_0032.jpg,Silvio_Berlusconi
Silvio_Berlusconi/Silvio_Berlusconi_0033.jpg,Silvio_Berlusconi
Tiger_Woods/Tiger_Woods_0001.jpg,Tiger_Woods
Tiger_Woods/Tiger_Woods_0002.jpg,Tiger_Woods
Tiger_Woods/Tiger_Woods_0003.jpg,Tiger_Woods
Tiger_Woods/Tiger_Woods_0004.jpg,Tiger_Woods
Tiger_Woods/Tiger_Woods_0005.jpg,Tiger_Woods
Tiger_Woods/Tiger_Woods_0006.jpg,Tiger_Woods
Tiger_Woods/Tiger_Woods_0007.jpg,Tiger_Woods
Tiger_Woods/Tiger_Woods_0008.jpg,Tiger_Woods
Tiger_Woods/Tiger_Woods_0009.jpg,Tiger_Woods
Tiger_Woods/Tiger_Woods_0010.jpg,Tiger_Woods
Tiger_Woods/Tiger_Woods_0011.jpg,Tiger_Woods
Tiger_Woods/Tiger_Woods_0012.jpg,Tiger_Woods
Tiger_Woods/Tiger_Woods_0013.jpg,Tiger_Woods
Tiger_Woods/Tiger_Woods_0014.jpg,Tiger_Woods
Tiger_Woods/Tiger_Woods_0015.jpg,Tiger_Woods
Tiger_Woods/Tiger_Woods_0016.jpg,Tiger_Woods
Tiger_Woods/Tiger_Woods_0017.jpg,Tiger_Woods
Tiger_Woods/Tiger_Woods_0018.jpg,Tiger_Woods
Tiger_Woods/Tiger_Woods_0019.jpg,Tiger_Woods
Tiger_Woods/Tiger_Woods_0020.jpg,Tiger_Woods
Tiger_Woods/Tiger_Woods_0021.jpg,Tiger_Woods
Tiger_Woods/Tiger_Woods_0022.jpg,Tiger_Woods
Tiger_Woods/Tiger_Woods_0023.jpg,Tiger_Woods
Tom_Daschle/Tom_Daschle_0001.jpg,Tom_Daschle
Tom_Daschle/Tom_Daschle_0002.jpg,Tom_Daschle
Tom_Daschle/Tom_Daschle_0003.jpg,Tom_Daschle
Tom_Daschle/Tom_Daschle_0004.jpg,Tom_Daschle
Tom_Daschle/Tom_Daschle_0005.jpg,Tom_Daschle
Tom_Daschle/Tom_Daschle_0006.jpg,Tom_Daschle
Tom_Daschle/Tom_Daschle_0007.jpg,Tom_Daschle
Tom_Daschle/Tom_Daschle_0008.jpg,Tom_Daschle
Tom_Daschle/Tom_Daschle_0009.jpg,Tom_Daschle
Tom_Daschle/Tom_Daschle_0010.jpg,Tom_Daschle
Tom_Daschle/Tom_Daschle_0011.jpg,Tom_Daschle
Tom_Daschle/Tom_Daschle_0012.jpg,Tom_Daschle
Tom_Daschle/Tom_Daschle_0013.jpg,Tom_Daschle
Tom_Daschle/Tom_Daschle_0014.jpg,Tom_Daschle
Tom_Daschle/Tom_Daschle_0015.jpg,Tom_Daschle
Tom_Daschle/Tom_Daschle_0016.jpg,Tom_Daschle
Tom_Daschle/Tom_Daschle_0017.jpg,Tom_Daschle
Tom_Daschle/Tom_Daschle_0018.jpg,Tom_Daschle
Tom_Daschle/Tom_Daschle_0019.jpg,Tom_Daschle
Tom_Daschle/Tom_Daschle_0020.jpg,Tom_Daschle
Tom_Daschle/Tom_Daschle_0021.jpg,Tom_Daschle
Tom_Daschle/Tom_Daschle_0022.jpg,Tom_Daschle
Tom_Daschle/Tom_Daschle_0023.jpg,Tom_Daschle
Tom_Daschle/Tom_Daschle_0024.jpg,Tom_Daschle
Tom_Daschle/Tom_Daschle_0025.jpg,Tom_Daschle
Tom_Ridge/Tom_Ridge_0001.jpg,Tom_Ridge
Tom_Ridge/Tom_Ridge_0002.jpg,Tom_Ridge
Tom_Ridge/Tom_Ridge_0003.jpg,Tom_Ridge
Tom_Ridge/Tom_Ridge_0004.jpg,Tom_Ridge
Tom_Ridge/Tom_Ridge_0005.jpg,Tom_Ridge
Tom_Ridge/Tom_Ridge_0006.jpg,Tom_Ridge
Tom_Ridge/Tom_Ridge_0007.jpg,Tom_Ridge
Tom_Ridge/Tom_Ridge_0008.jpg,Tom_Ridge
Tom_Ridge/Tom_Ridge_0009.jpg,Tom_Ridge
Tom_Ridge/Tom_Ridge_0010.jpg,Tom_Ridge
Tom_Ridge/Tom_Ridge_0011.jpg,Tom_Ridge
Tom_Ridge/Tom_Ridge_0012.jpg,Tom_Ridge
Tom_Ridge/Tom_Ridge_0013.jpg,Tom_Ridge
Tom_Ridge/Tom_Ridge_0014.jpg,Tom_Ridge
Tom_Ridge/Tom_Ridge_0015.jpg,Tom_Ridge
Tom_Ridge/Tom_Ridge_0016.jpg,Tom_Ridge
Tom_Ridge/Tom_Ridge_0017.jpg,Tom_Ridge
Tom_Ridge/Tom_Ridge_0018.jpg,Tom_Ridge
Tom_Ridge/Tom_Ridge_0019.jpg,Tom_Ridge
Tom_Ridge/Tom_Ridge_0020.jpg,Tom_Ridge
Tom_Ridge/Tom_Ridge_0021.jpg,Tom_Ridge
Tom_Ridge/Tom_Ridge_0022.jpg,Tom_Ridge
Tom_Ridge/Tom_Ridge_0023.jpg,Tom_Ridge
Tom_Ridge/Tom_Ridge_0024.jpg,Tom_Ridge
Tom_Ridge/Tom_Ridge_0025.jpg,Tom_Ridge
Tom_Ridge/Tom_Ridge_0026.jpg,Tom_Ridge
Tom_Ridge/Tom_Ridge_0027.jpg,Tom_Ridge
Tom_Ridge/Tom_Ridge_0028.jpg,Tom_Ridge
Tom_Ridge/Tom_Ridge_0029.jpg,Tom_Ridge
Tom_Ridge/Tom_Ridge_0030.jpg,Tom_Ridge
Tom_Ridge/Tom_Ridge_0031.jpg,Tom_Ridge
Tom_Ridge/Tom_Ridge_0032.jpg,Tom_Ridge
Tom_Ridge/Tom_Ridge_0033.jpg,Tom_Ridge
Tony_Blair/Tony_Blair_0001.jpg,Tony_Blair
Tony_Blair/Tony_Blair_0002.jpg,Tony_Blair
Tony_Blair/Tony_Blair_0003.jpg,Tony_Blair
Tony_Blair/Tony_Blair_0004.jpg,Tony_Blair
Tony_Blair/Tony_Blair_0005.jpg,Tony_Blair
Tony_Blair/Tony_Blair_0006.jpg,Tony_Blair
Tony_Blair/Tony_Blair_0007.jpg,Tony_Blair
Tony_Blair/Tony_Blair_0008.jpg,Tony_Blair
Tony_Blair/Tony_Blair_0009.jpg,Tony_Blair
Tony_Blair/Tony_Blair_0010.jpg,Tony_Blair
Tony_Blair/Tony_Blair_0011.jpg,Tony_Blair
Tony_Blair/Tony_Blair_0012.jpg,Tony_Blair
Tony_Blair/Tony_Blair_0013.jpg,Tony_Blair
Tony_Blair/Tony_Blair_0014.jpg,Tony_Blair
Tony_Blair/Tony_Blair_0015.jpg,Tony_Blair
Tony_Blair/Tony_Blair_0016.jpg,Tony_Blair
Tony_Blair/Tony_Blair_0017.jpg,Tony_Blair
Tony_Blair/Tony_Blair_0018.jpg,Tony_Blair
Tony_Blair/Tony_Blair_0019.jpg,Tony_Blair
Tony_Blair/Tony_Blair_0020.jpg,Tony_Blair
Tony_Blair/Tony_Blair_0021.jpg,Tony_Blair
Tony_Blair/Tony_Blair_0022.jpg,Tony_Blair
Tony_Blair/Tony_Blair_0023.jpg,Tony_Blair
Tony_Blair/Tony_Blair_0024.jpg,Tony_Blair
Tony_Blair/Tony_Blair_0025.jpg,Tony_Blair
Tony_Blair/Tony_Blair_0026.jpg,Tony_Blair
Tony_Blair/Tony_Blair_0027.jpg,Tony_Blair
Tony_Blair/Tony_Blair_0028.jpg,Tony_Blair
Tony_Blair/Tony_Blair_0029.jpg,Tony_Blair
Tony_Blair/Tony_Blair_0030.jpg,Tony_Blair
Tony_Blair/Tony_Blair_0031.jpg,Tony_Blair
Tony_Blair/Tony_Blair_0032.jpg,Tony_Blair
Tony_Blair/Tony_Blair_0033.jpg,Tony_Blair
Tony_Blair/Tony_Blair_0034.jpg,Tony_Blair
Tony_Blair/Tony_Blair_0035.jpg,Tony_Blair
Tony_Blair/Tony_Blair_0036.jpg,Tony_Blair
Tony_Blair/Tony_Blair_0037.jpg,Tony_Blair
Tony_Blair/Tony_Blair_0038.jpg,Tony_Blair
Tony_Blair/Tony_Blair_0039.jpg,Tony_Blair
Tony_Blair/Tony_Blair_0040.jpg,Tony_Blair
Tony_Blair/Tony_Blair_0041.jpg,Tony_Blair
Tony_Blair/Tony_Blair_0042.jpg,Tony_Blair
Tony_Blair/Tony_Blair_0043.jpg,Tony_Blair
Tony_Blair/Tony_Blair_0044.jpg,Tony_Blair
Tony_Blair/Tony_Blair_0045.jpg,Tony_Blair
Tony_Blair/Tony_Blair_0046.jpg,Tony_Blair
Tony_Blair/Tony_Blair_0047.jpg,Tony_Blair
Tony_Blair/Tony_Blair_0048.jpg,Tony_Blair
Tony_Blair/Tony_Blair_0049.jpg,Tony_Blair
Tony_Blair/Tony_Blair_0050.jpg,Tony_Blair
Tony_Blair/Tony_Blair_0051.jpg,Tony_Blair
Tony_Blair/Tony_Blair_0052.jpg,Tony_Blair
Tony_Blair/Tony_Blair_0053.jpg,Tony_Blair
Tony_Blair/Tony_Blair_0054.jpg,Tony_Blair
Tony_Blair/Tony_Blair_0055.jpg,Tony_Blair
Tony_Blair/Tony_Blair_0056.jpg,Tony_Blair
Tony_Blair/Tony_Blair_0057.jpg,Tony_Blair
Tony_Blair/Tony_Blair_0058.jpg,Tony_Blair
Tony_Blair/Tony_Blair_0059.jpg,Tony_Blair
Tony_Blair/Tony_Blair_0060.jpg,Tony_Blair
Tony_Blair/Tony_Blair_0061.jpg,Tony_Blair
Tony_Blair/Tony_Blair_0062.jpg,Tony_Blair
Tony_Blair/Tony_Blair_0063.jpg,Tony_Blair
Tony_Blair/Tony_Blair_0064.jpg,Tony_Blair
Tony_Blair/Tony_Blair_0065.jpg,Tony_Blair
Tony_Blair/Tony_Blair_0066.jpg,Tony_Blair
Tony_Blair/Tony_Blair_0067.jpg,Tony_Blair
Tony_Blair/Tony_Blair_0068.jpg,Tony_Blair
Tony_Blair/Tony_Blair_0069.jpg,Tony_Blair
Tony_Blair/Tony_Blair_0070.jpg,Tony_Blair
Tony_Blair/Tony_Blair_0071.jpg,Tony_Blair
Tony_Blair/Tony_Blair_0072.jpg,Tony_Blair
Tony_Blair/Tony_Blair_0073.jpg,Tony_Blair
Tony_Blair/Tony_Blair_0074.jpg,Tony_Blair
Tony_Blair/Tony_Blair_0075.jpg,Tony_Blair
Tony_Blair/Tony_Blair_0076.jpg,Tony_Blair
Tony_Blair/Tony_Blair_0077.jpg,Tony_Blair
Tony_Blair/Tony_Blair_0078.jpg,Tony_Blair
Tony_Blair/Tony_Blair_0079.jpg,Tony_Blair
Tony_Blair/Tony_Blair_0080.jpg,Tony_Blair
Tony_Blair/Tony_Blair_0081.jpg,Tony_Blair
Tony_Blair/Tony_Blair_0082.jpg,Tony_Blair
Tony_Blair/Tony_Blair_0083.jpg,Tony_Blair
Tony_Blair/Tony_Blair_0084.jpg,Tony_Blair
Tony_Blair/Tony_Blair_0085.jpg,Tony_Blair
Tony_Blair/Tony_Blair_0086.jpg,Tony_Blair
Tony_Blair/Tony_Blair_0087.jpg,Tony_Blair
Tony_Blair/Tony_Blair_0088.jpg,Tony_Blair
Tony_Blair/Tony_Blair_0089.jpg,Tony_Blair
Tony_Blair/Tony_Blair_0090.jpg,Tony_Blair
Tony_Blair/Tony_Blair_0091.jpg,Tony_Blair
Tony_Blair/Tony_Blair_0092.jpg,Tony_Blair
Tony_Blair/Tony_Blair_0093.jpg,Tony_Blair
Tony_Blair/Tony_Blair_0094.jpg,Tony_Blair
Tony_Blair/Tony_Blair_0095.jpg,Tony_Blair
Tony_Blair/Tony_Blair_0096.jpg,Tony_Blair
Tony_Blair/Tony_Blair_0097.jpg,Tony_Blair
Tony_Blair/Tony_Blair_0098.jpg,Tony_Blair
Tony_Blair/Tony_Blair_0099.jpg,Tony_Blair
Tony_Blair/Tony_Blair_0100.jpg,Tony_Blair
Tony_Blair/Tony_Blair_0101.jpg,Tony_Blair
Tony_Blair/Tony_Blair_0102.jpg,Tony_Blair
Tony_Blair/Tony_Blair_0103.jpg,Tony_Blair
Tony_Blair/Tony_Blair_0104.jpg,Tony_Blair
Tony_Blair/Tony_Blair_0105.jpg,Tony_Blair
Tony_Blair/Tony_Blair_0106.jpg,Tony_Blair
Tony_Blair/Tony_Blair_0107.jpg,Tony_Blair
Tony_Blair/Tony_Blair_0108.jpg,Tony_Blair
Tony_Blair/Tony_Blair_0109.jpg,Tony_Blair
Tony_Blair/Tony_Blair_0110.jpg,Tony_Blair
Tony_Blair/Tony_Blair_0111.jpg,Tony_Blair
Tony_Blair/Tony_Blair_0112.jpg,Tony_Blair
Tony_Blair/Tony_Blair_0113.jpg,Tony_Blair
Tony_Blair/Tony_Blair_0114.jpg,Tony_Blair
Tony_Blair/Tony_Blair_0115.jpg,Tony_Blair
Tony_Blair/Tony_Blair_0116.jpg,Tony_Blair
Tony_Blair/Tony_Blair_0117.jpg,Tony_Blair
Tony_Blair/Tony_Blair_0118.jpg,Tony_Blair
Tony_Blair/Tony_Blair_0119.jpg,Tony_Blair
Tony_Blair/Tony_Blair_0120.jpg,Tony_Blair
Tony_Blair/Tony_Blair_0121.jpg,Tony_Blair
Tony_Blair/Tony_Blair_0122.jpg,Tony_Blair
Tony_Blair/Tony_Blair_0123.jpg,Tony_Blair
Tony_Blair/Tony_Blair_0124.jpg,Tony_Blair
Tony_Blair/Tony_Blair_0125.jpg,Tony_Blair
Tony_Blair/Tony_Blair_0126.jpg,Tony_Blair
Tony_Blair/Tony_Blair_0127.jpg,Tony_Blair
Tony_Blair/Tony_Blair_0128.jpg,Tony_Blair
Tony_Blair/Tony_Blair_0129.jpg,Tony_Blair
Tony_Blair/Tony_Blair_0130.jpg,Tony_Blair
Tony_Blair/Tony_Blair_0131.jpg,Tony_Blair
Tony_Blair/Tony_Blair_0132.jpg,Tony_Blair
Tony_Blair/Tony_Blair_0133.jpg,Tony_Blair
Tony_Blair/Tony_Blair_0134.jpg,Tony_Blair
Tony_Blair/Tony_Blair_0135.jpg,Tony_Blair
Tony_Blair/Tony_Blair_0136.jpg,Tony_Blair
Tony_Blair/Tony_Blair_0137.jpg,Tony_Blair
Tony_Blair/Tony_Blair_0138.jpg,Tony_Blair
Tony_Blair/Tony_Blair_0139.jpg,Tony_Blair
Tony_Blair/Tony_Blair_0140.jpg,Tony_Blair
Tony_Blair/Tony_Blair_0141.jpg,Tony_Blair
Tony_Blair/Tony_Blair_0142.jpg,Tony_Blair
Tony_Blair/Tony_Blair_0143.jpg,Tony_Blair
Tony_Blair/Tony_Blair_0144.jpg,Tony_Blair
Vicente_Fox/Vicente_Fox_0001.jpg,Vicente_Fox
Vicente_Fox/Vicente_Fox_0002.jpg,Vicente_Fox
Vicente_Fox/Vicente_Fox_0003.jpg,Vicente_Fox
Vicente_Fox/Vicente_Fox_0004.jpg,Vicente_Fox
Vicente_Fox/Vicente_Fox_0005.jpg,Vicente_Fox
Vicente_Fox/Vicente_Fox_0006.jpg,Vicente_Fox
Vicente_Fox/Vicente_Fox_0007.jpg,Vicente_Fox
Vicente_Fox/Vicente_Fox_0008.jpg,Vicente_Fox
Vicente_Fox/Vicente_Fox_0009.jpg,Vicente_Fox
Vicente_Fox/Vicente_Fox_0010.jpg,Vicente_Fox
Vicente_Fox/Vicente_Fox_0011.jpg,Vicente_Fox
Vicente_Fox/Vicente_Fox_0012.jpg,Vicente_Fox
Vicente_Fox/Vicente_Fox_0013.jpg,Vicente_Fox
Vicente_Fox/Vicente_Fox_0014.jpg,Vicente_Fox
Vicente_Fox/Vicente_Fox_0015.jpg,Vicente_Fox
Vicente_Fox/Vicente_Fox_0016.jpg,Vicente_Fox
Vicente_Fox/Vicente_Fox_0017.jpg,Vicente_Fox
Vicente_Fox/Vicente_Fox_0018.jpg,Vicente_Fox
Vicente_Fox/Vicente_Fox_0019.jpg,Vicente_Fox
Vicente_Fox/Vicente_Fox_0020.jpg,Vicente_Fox
Vicente_Fox/Vicente_Fox_0021.jpg,Vicente_Fox
Vicente_Fox/Vicente_Fox_0022.jpg,Vicente_Fox
Vicente_Fox/Vicente_Fox_0023.jpg,Vicente_Fox
Vicente_Fox/Vicente_Fox_0024.jpg,Vicente_Fox
Vicente_Fox/Vicente_Fox_0025.jpg,Vicente_Fox
Vicente_Fox/Vicente_Fox_0026.jpg,Vicente_Fox
Vicente_Fox/Vicente_Fox_0027.jpg,Vicente_Fox
Vicente_Fox/Vicente_Fox_0028.jpg,Vicente_Fox
Vicente_Fox/Vicente_Fox_0029.jpg,Vicente_Fox
Vicente_Fox/Vicente_Fox_0030.jpg,Vicente_Fox
Vicente_Fox/Vicente_Fox_0031.jpg,Vicente_Fox
Vicente_Fox/Vicente_Fox_0032.jpg,Vicente_Fox
Vladimir_Putin/Vladimir_Putin_0001.jpg,Vladimir_Putin
Vladimir_Putin/Vladimir_Putin_0002.jpg,Vladimir_Putin
Vladimir_Putin/Vladimir_Putin_0003.jpg,Vladimir_Putin
Vladimir_Putin/Vladimir_Putin_0004.jpg,Vladimir_Putin
Vladimir_Putin/Vladimir_Putin_0005.jpg,Vladimir_Putin
Vladimir_Putin/Vladimir_Putin_0006.jpg,Vladimir_Putin
Vladimir_Putin/Vladimir_Putin_0007.jpg,Vladimir_Putin
Vladimir_Putin/Vladimir_Putin_0008.jpg,Vladimir_Putin
Vladimir_Putin/Vladimir_Putin_0009.jpg,Vladimir_Putin
Vladimir_Putin/Vladimir_Putin_0010.jpg,Vladimir_Putin
Vladimir_Putin/Vladimir_Putin_0011.jpg,Vladimir_Putin
Vladimir_Putin/Vladimir_Putin_0012.jpg,Vladimir_Putin
Vladimir_Putin/Vladimir_Putin_0013.jpg,Vladimir_Putin
Vladimir_Putin/Vladimir_Putin_0014.jpg,Vladimir_Putin
Vladimir_Putin/Vladimir_Putin_0015.jpg,Vladimir_Putin
Vladimir_Putin/Vladimir_Putin_0016.jpg,Vladimir_Putin
Vladimir_Putin/Vladimir_Putin_0017.jpg,Vladimir_Putin
Vladimir_Putin/Vladimir_Putin_0018.jpg,Vladimir_Putin
Vladimir_Putin/Vladimir_Putin_0019.jpg,Vladimir_Putin
Vladimir_Putin/Vladimir_Putin_0020.jpg,Vladimir_Putin
Vladimir_Putin/Vladimir_Putin_0021.jpg,Vladimir_Putin
Vladimir_Putin/Vladimir_Putin_0022.jpg,Vladimir_Putin
Vladimir_Putin/Vladimir_Putin_0023.jpg,Vladimir_Putin
Vladimir_Putin/Vladimir_Putin_0024.jpg,Vladimir_Putin
Vladimir_Putin/Vladimir_Putin_0025.jpg,Vladimir_Putin
Vladimir_Putin/Vladimir_Putin_0026.jpg,Vladimir_Putin
Vladimir_Putin/Vladimir_Putin_0027.jpg,Vladimir_Putin
Vladimir_Putin/Vladimir_Putin_0028.jpg,Vladimir_Putin
Vladimir_Putin/Vladimir_Putin_0029.jpg,Vladimir_Putin
Vladimir_Putin/Vladimir_Putin_0030.jpg,Vladimir_Putin
Vladimir_Putin/Vladimir_Putin_0031.jpg,Vladimir_Putin
Vladimir_Putin/Vladimir_Putin_0032.jpg,Vladimir_Putin
Vladimir_Putin/Vladimir_Putin_0033.jpg,Vladimir_Putin
Vladimir_Putin/Vladimir_Putin_0034.jpg,Vladimir_Putin
Vladimir_Putin/Vladimir_Putin_0035.jpg,Vladimir_Putin
Vladimir_Putin/Vladimir_Putin_0036.jpg,Vladimir_Putin
Vladimir_Putin/Vladimir_Putin_0037.jpg,Vladimir_Putin
Vladimir_Putin/Vladimir_Putin_0038.jpg,Vladimir_Putin
Vladimir_Putin/Vladimir_Putin_0039.jpg,Vladimir_Putin
Vladimir_Putin/Vladimir_Putin_0040.jpg,Vladimir_Putin
Vladimir_Putin/Vladimir_Putin_0041.jpg,Vladimir_Putin
Vladimir_Putin/Vladimir_Putin_0042.jpg,Vladimir_Putin
Vladimir_Putin/Vladimir_Putin_0043.jpg,Vladimir_Putin
Vladimir_Putin/Vladimir_Putin_0044.jpg,Vladimir_Putin
Vladimir_Putin/Vladimir_Putin_0045.jpg,Vladimir_Putin
Vladimir_Putin/Vladimir_Putin_0046.jpg,Vladimir_Putin
Vladimir_Putin/Vladimir_Putin_0047.jpg,Vladimir_Putin
Vladimir_Putin/Vladimir_Putin_0048.jpg,Vladimir_Putin
Vladimir_Putin/Vladimir_Putin_0049.jpg,Vladimir_Putin
Winona_Ryder/Winona_Ryder_0001.jpg,Winona_Ryder
Winona_Ryder/Winona_Ryder_0002.jpg,Winona_Ryder
Winona_Ryder/Winona_Ryder_0003.jpg,Winona_Ryder
Winona_Ryder/Winona_Ryder_0004.jpg,Winona_Ryder
Winona_Ryder/Winona_Ryder_0005.jpg,Winona_Ryder
Winona_Ryder/Winona_Ryder_0006.jpg,Winona_Ryder
Winona_Ryder/Winona_Ryder_0007.jpg,Winona_Ryder
Winona_Ryder/Winona_Ryder_0008.jpg,Winona_Ryder
Winona_Ryder/Winona_Ryder_0009.jpg,Winona_Ryder
Winona_Ryder/Winona_Ryder_0010.jpg,Winona_Ryder
Winona_Ryder/Winona_Ryder_0011.jpg,Winona_Ryder
Winona_Ryder/Winona_Ryder_0012.jpg,Winona_Ryder
Winona_Ryder/Winona_Ryder_0013.jpg,Winona_Ryder
Winona_Ryder/Winona_Ryder_0014.jpg,Winona_Ryder
Winona_Ryder/Winona_Ryder_0015.jpg,Winona_Ryder
Winona_Ryder/Winona_Ryder_0016.jpg,Winona_Ryder
Winona_Ryder/Winona_Ryder_0017.jpg,Winona_Ryder
Winona_Ryder/Winona_Ryder_0018.jpg,Winona_Ryder
Winona_Ryder/Winona_Ryder_0019.jpg,Winona_Ryder
Winona_Ryder/Winona_Ryder_0020.jpg,Winona_Ryder
Winona_Ryder/Winona_Ryder_0021.jpg,Winona_Ryder
Winona_Ryder/Winona_Ryder_0022.jpg,Winona_Ryder
Winona_Ryder/Winona_Ryder_0023.jpg,Winona_Ryder
Winona_Ryder/Winona_Ryder_0024.jpg,Winona_Ryder
